281465285767648.10
281465698898400.16
281465698898400.20
281465285767648.35
281465002631648.59
281465002631648.79
281465002631648.87
281465002631648.93
281465002631648.155
281465002631648.205
281465002631648.219
281465002631648.245
281465044595168.249
281465002631648.277
281465002631648.289
281465002631648.297
281465002631648.301
281465002631648.311
281465002631648.315
281465002631648.345
281465044595168.351
281465036202464.357
281465002631648.361
281465002631648.369
281465002631648.385
281465002631648.415
281465002631648.435
281465036202464.455
281465002631648.465
281465002631648.479
281465002631648.491
281465002631648.501
281465002631648.511
281465002631648.523
281465814233568.527
281465002631648.533
281465673720288.583
281465002631648.623
281465044595168.637
281465044595168.657
281465036202464.745
281465002631648.751
281465002631648.769
281465002631648.785
281465002631648.809
281465805840864.813
281465805840864.823
281465805840864.833
281465805840864.843
281465805840864.859
281465805840864.883
281466674586080.925
281465002631648.959
281465036202464.963
281465002631648.973
281465002631648.1021
281465002631648.1025
281465002631648.1053
281465002631648.1057
281465002631648.1067
281465002631648.1075
281465002631648.1109
281465412628960.1193
281465002631648.1209
281465002631648.1219
281465002631648.1329
281465002631648.1345
281465002631648.1361
281465002631648.1369
281465002631648.1373
281465002631648.1487
281465002631648.1491
281465805840864.1581
281465805840864.1587
281465002631648.1617
281465419973088.1665
281465002631648.1669
281465002631648.1673
281465002631648.1679
281465002631648.1691
281465011024352.1699
281465002631648.1725
281465044595168.1753
281465002631648.1799
281465002631648.1805
281465002631648.1881
281465411580384.1921
281465002631648.1927
281465036202464.1953
281465002631648.1969
281465002631648.1983
281465036202464.1987
281465419973088.2023
281465002631648.2031
281465002631648.2035
281464994238944.2069
281464994238944.2075
281464994238944.2085
281464994238944.2109
281465011024352.2135
281465011024352.2171
281464994238944.2175
281465805840864.2207
281465805840864.2215
281465002631648.2223
281465002631648.2263
281465002631648.2325
281465002631648.2335
281465002631648.2353
281465002631648.2359
281465002631648.2387
281465002631648.2403
281465002631648.2419
281465002631648.2427
281465002631648.2435
281465002631648.2445
281465002631648.2463
281465002631648.2503
281465002631648.2505
281465002631648.2511
281465036202464.2529
281465002631648.2533
281465401090528.2543
281465011024352.2547
281465002631648.2559
281465002631648.2577
281465002631648.2599
281465027809760.2615
281465002631648.2643
281465002631648.2649
281465002631648.2653
281465002631648.2697
281465036202464.2701
281465002631648.2763
281465002631648.2767
281465002631648.2773
281465002631648.2785
281465002631648.2791
281465805840864.2801
281465002631648.2809
281465002631648.2815
281465002631648.2821
281465415778784.2837
281465002631648.2849
281465002631648.2875
281465002631648.2899
281465002631648.2907
281465002631648.2917
281465002631648.2997
281465044595168.3019
281465036202464.3025
281465036202464.3031
281465002631648.3037
281465002631648.3043
281465002631648.3053
281465002631648.3059
281465002631648.3083
281465002631648.3095
281465002631648.3099
281465002631648.3173
281465002631648.3239
281465002631648.3309
281465002631648.3325
281465044595168.3333
281465002631648.3341
281465002631648.3357
281465044595168.3365
281465805840864.3403
281465002631648.3431
281465011024352.3437
281465002631648.3481
281465002631648.3537
281465044595168.3547
281465036202464.3639
281465002631648.3661
281465011024352.3665
281465002631648.3685
281465002631648.3689
281465002631648.3723
281465002631648.3751
281465002631648.3775
281465002631648.3783
281465002631648.3809
281465002631648.3825
281465260589536.3849
281465044595168.3891
281465002631648.3913
281465002631648.3919
281465405288928.3925
281465044595168.3943
281465002631648.3967
281465002631648.3977
281465044595168.4013
281465805840864.4027
281465002631648.4031
281465036202464.4087
281465002631648.4129
281465002631648.4145
281465002631648.4189
281465002631648.4199
281465002631648.4235
281465036202464.4239
281465002631648.4243
281465002631648.4251
281465002631648.4257
281465002631648.4267
281465002631648.4293
281465942122976.4297
281465421025760.4321
281465002631648.4325
281465002631648.4335
281465036202464.4339
281465002631648.4353
281465002631648.4387
281465002631648.4391
281465002631648.4397
281465002631648.4425
281465002631648.4429
281465260589536.4433
281465036202464.4475
281465002631648.4507
281465002631648.4593
281465036202464.4671
281465002631648.4675
281465002631648.4749
281465002631648.4769
281465044595168.4779
281465002631648.4783
281465036202464.4815
281465002631648.4823
281465002631648.4827
281465002631648.4837
281465044595168.4845
281465002631648.4867
281465044595168.4869
281465044595168.4875
281465002631648.4887
281465002631648.4931
281465036202464.4943
281465002631648.4953
281465002631648.4957
281465002631648.4961
281465002631648.4965
281465002631648.4969
281465002631648.4995
281465002631648.4999
281465002631648.5019
281465002631648.5029
281465044595168.5053
281465002631648.5059
281465002631648.5061
281465036202464.5067
281465002631648.5073
281464994238944.5129
281465805840864.5257
