281465002631648.41
281465002631648.65
281465002631648.107
281465002631648.111
281465002631648.127
281465002631648.143
281465002631648.159
281465002631648.203
281465002631648.215
281465002631648.259
281465002631648.299
281465044595168.305
281465002631648.313
281465002631648.317
281465002631648.363
281465002631648.411
281465002631648.427
281465002631648.433
281465002631648.453
281465002631648.467
281465002631648.471
281465002631648.499
281465011024352.531
281465002631648.539
281465002631648.553
281465002631648.565
281465002631648.597
281465002631648.605
281465002631648.609
281465002631648.613
281465002631648.617
281465011024352.619
281465002631648.645
281465002631648.655
281465002631648.667
281465002631648.705
281465002631648.725
281465002631648.729
281465044595168.757
281465011024352.765
281465002631648.771
281465002631648.789
281465036202464.793
281465044595168.807
281465805840864.861
281465805840864.911
281465805840864.929
281465805840864.945
281465002631648.967
281465002631648.985
281465002631648.993
281465002631648.1007
281465002631648.1011
281465002631648.1015
281465002631648.1033
281465002631648.1037
281465002631648.1041
281465002631648.1069
281465002631648.1097
281465002631648.1135
281465002631648.1137
281465421021664.1161
281465412628960.1165
281465002631648.1173
281465002631648.1179
281465002631648.1183
281465002631648.1243
281465002631648.1257
281465002631648.1267
281465036202464.1293
281465002631648.1301
281465002631648.1359
281465002631648.1367
281465044595168.1379
281465942122976.1385
281465036202464.1393
281465002631648.1397
281465429414368.1403
281465002631648.1427
281465011024352.1431
281465002631648.1439
281465019417056.1443
281465002631648.1447
281465011024352.1451
281465036202464.1461
281465002631648.1471
281465036202464.1485
281465437807072.1503
281465002631648.1507
281465019417056.1527
281465002631648.1535
281465002631648.1539
281465036202464.1543
281465002631648.1561
281465002631648.1569
281465044595168.1575
281465002631648.1593
281465002631648.1607
281465002631648.1621
281465002631648.1655
281465933730272.1659
281465002631648.1663
281465002631648.1677
281465011024352.1703
281465002631648.1765
281465002631648.1779
281465002631648.1789
281465002631648.1801
281465019417056.1817
281465036202464.1859
281465002631648.1867
281465002631648.1871
281465011024352.1889
281465002631648.1907
281465036202464.1911
281465044595168.1923
281465036202464.1939
281465002631648.1941
281465002631648.1957
281465002631648.1961
281465002631648.1999
281464994238944.2037
281464994238944.2093
281465002631648.2099
281464994238944.2137
281464994238944.2141
281464994238944.2157
281464994238944.2173
281464994238944.2177
281464994238944.2193
281465002631648.2231
281465002631648.2253
281465002631648.2261
281465002631648.2265
281465002631648.2279
281465002631648.2291
281465002631648.2303
281465011024352.2409
281465002631648.2417
281465002631648.2429
281465002631648.2443
281465002631648.2497
281465002631648.2507
281465002631648.2513
281465019417056.2517
281465044595168.2523
281465002631648.2553
281465434661344.2557
281465011024352.2563
281465002631648.2567
281465036202464.2583
281465002631648.2595
281465401090528.2637
281465044595168.2641
281465036202464.2681
281465002631648.2685
281465401090528.2705
281465044595168.2719
281465027809760.2723
281465002631648.2777
281465002631648.2835
281465002631648.2841
281465002631648.2851
281465002631648.2881
281465002631648.2909
281465002631648.2929
281465424171488.2951
281465002631648.2967
281465002631648.3029
281465002631648.3035
281465002631648.3041
281465002631648.3069
281465002631648.3089
281465002631648.3127
281465002631648.3131
281465432564192.3165
281465839411680.3221
281465002631648.3243
281465002631648.3339
281465044595168.3361
281465036202464.3373
281465002631648.3417
281465002631648.3455
281465002631648.3477
281465430467040.3507
281465002631648.3511
281465044595168.3573
281465002631648.3579
281465839411680.3585
281465011024352.3635
281465002631648.3659
281465002631648.3673
281465438859744.3677
281465002631648.3707
281465044595168.3725
281465044595168.3747
281465002631648.3765
281465002631648.3787
281465044595168.3793
281465002631648.3853
281465002631648.3859
281465002631648.3901
281465002631648.3907
281465002631648.3909
281465002631648.3937
281465002631648.3941
281465002631648.3969
281465002631648.3981
281465002631648.4039
281465002631648.4049
281465002631648.4079
281465002631648.4113
281465002631648.4141
281465002631648.4149
281465002631648.4185
281465002631648.4275
281465002631648.4279
281465002631648.4331
281465002631648.4355
281465002631648.4359
281465002631648.4381
281465002631648.4393
281465002631648.4403
281465839411680.4427
281465002631648.4459
281465002631648.4501
281465044595168.4627
281465805840864.4639
281465002631648.4659
281465002631648.4727
281465002631648.4739
281465002631648.4751
281465002631648.4781
281465002631648.4865
281465002631648.4873
281465002631648.4885
281465002631648.4905
281465036202464.4933
281465002631648.4937
281465002631648.4955
281465002631648.4975
281465002631648.4989
281465002631648.5081
281464994238944.5103
281464994238944.5131
281464994238944.5133
281464994238944.5139
281464994238944.5159
281464994238944.5175
281465805840864.5253
281465805840864.5263
