281465285767648.18
281465002631648.53
281465002631648.61
281465002631648.81
281465002631648.201
281465011024352.233
281465002631648.243
281465002631648.247
281465011024352.263
281465002631648.267
281465002631648.323
281465002631648.327
281465002631648.331
281465044595168.343
281465002631648.347
281465002631648.365
281465002631648.393
281465002631648.423
281465002631648.439
281465673720288.459
281465002631648.475
281465002631648.483
281465002631648.489
281465002631648.509
281465002631648.517
281465002631648.529
281465002631648.549
281465002631648.561
281465002631648.575
281465002631648.579
281465002631648.589
281465002631648.615
281465002631648.621
281465002631648.633
281465002631648.643
281465002631648.699
281465036202464.719
281465831018976.753
281465002631648.759
281465036202464.773
281465002631648.779
281465805840864.829
281465805840864.835
281465839411680.853
281465805840864.943
281465805840864.947
281465002631648.965
281465002631648.999
281465933730272.1005
281465002631648.1029
281465002631648.1061
281465002631648.1071
281465002631648.1091
281465002631648.1103
281465942122976.1107
281465002631648.1121
281465002631648.1139
281465002631648.1151
281465002631648.1157
281465002631648.1187
281465002631648.1191
281465002631648.1213
281465002631648.1217
281465002631648.1261
281465002631648.1277
281465421021664.1311
281465036202464.1319
281465002631648.1323
281465002631648.1327
281465002631648.1343
281465002631648.1349
281465002631648.1391
281465002631648.1395
281465002631648.1401
281465044595168.1405
281465002631648.1409
281465002631648.1417
281465002631648.1421
281465002631648.1465
281465044595168.1475
281465002631648.1489
281465002631648.1493
281465002631648.1551
281465019417056.1555
281465044595168.1579
281465002631648.1601
281465002631648.1605
281465411580384.1615
281465002631648.1619
281465002631648.1631
281465036202464.1671
281465002631648.1715
281465002631648.1721
281465002631648.1747
281465011024352.1751
281465002631648.1759
281465002631648.1773
281465002631648.1791
281465002631648.1797
281465002631648.1807
281465002631648.1809
281465436758496.1813
281465002631648.1825
281465002631648.1829
281465002631648.1835
281465036202464.1885
281465002631648.1909
281465002631648.1913
281465002631648.1919
281465011024352.1977
281465002631648.1985
281465002631648.2001
281465002631648.2013
281464994238944.2041
281464994238944.2077
281465036202464.2083
281464994238944.2095
281465036202464.2097
281465044595168.2103
281464994238944.2117
281464994238944.2121
281464994238944.2161
281464994238944.2165
281465002631648.2201
281465036202464.2217
281465002631648.2233
281465002631648.2237
281465002631648.2243
281465002631648.2275
281465002631648.2351
281465002631648.2377
281465002631648.2425
281465002631648.2433
281465002631648.2439
281465002631648.2501
281465002631648.2509
281465002631648.2525
281465002631648.2537
281465002631648.2621
281465002631648.2629
281465002631648.2635
281465002631648.2663
281465002631648.2667
281465002631648.2675
281465002631648.2693
281465002631648.2721
281465002631648.2775
281465036202464.2779
281465002631648.2859
281465002631648.2893
281465044595168.2901
281465002631648.2913
281465019417056.2919
281465933730272.2927
281465002631648.2941
281465002631648.2945
281465044595168.2973
281465002631648.3023
281465002631648.3045
281465002631648.3085
281465002631648.3091
281465002631648.3123
281465002631648.3139
281465002631648.3169
281465002631648.3237
281465002631648.3247
281465002631648.3263
281465002631648.3275
281465002631648.3283
281465002631648.3359
281465036202464.3379
281465805840864.3393
281465805840864.3399
281465260589536.3433
281465002631648.3479
281465002631648.3501
281465002631648.3515
281465002631648.3541
281465002631648.3581
281465011024352.3589
281465002631648.3593
281465002631648.3617
281465002631648.3671
281465002631648.3715
281465002631648.3719
281465002631648.3767
281465002631648.3771
281465002631648.3777
281465044595168.3789
281465002631648.3795
281465044595168.3799
281465002631648.3803
281465036202464.3831
281465002631648.3835
281465002631648.3877
281465002631648.3881
281465002631648.3893
281465036202464.3927
281465002631648.3935
281465002631648.3957
281465002631648.3983
281465002631648.3999
281465002631648.4011
281465805840864.4017
281465805840864.4021
281465805840864.4025
281465002631648.4047
281465421025760.4077
281465002631648.4089
281465002631648.4101
281465002631648.4111
281465036202464.4117
281465002631648.4121
281465044595168.4133
281465002631648.4153
281465002631648.4159
281465036202464.4161
281465036202464.4187
281465002631648.4211
281465002631648.4233
281465002631648.4255
281465036202464.4261
281465002631648.4271
281465002631648.4277
281465002631648.4295
281465002631648.4377
281465002631648.4401
281465002631648.4405
281465027809760.4417
281465002631648.4421
281465002631648.4457
281465002631648.4477
281465002631648.4481
281465002631648.4497
281465002631648.4509
281465002631648.4581
281465002631648.4585
281465036202464.4605
281465002631648.4611
281465002631648.4645
281465002631648.4703
281465002631648.4707
281465002631648.4731
281465002631648.4735
281465002631648.4757
281465036202464.4767
281465002631648.4773
281465002631648.4829
281465002631648.4883
281465002631648.4909
281465002631648.4913
281465002631648.4967
281465839411680.4973
281465002631648.5001
281465002631648.5005
281465002631648.5009
281465002631648.5017
281465044595168.5031
281465036202464.5043
281465002631648.5071
281465002631648.5077
281465044595168.5121
281464994238944.5147
281464994238944.5153
281464994238944.5157
281464994238944.5163
281464994238944.5167
281464994238944.5169
281464994238944.5173
281464994238944.5177
281465002631648.5217
281464994238944.5225
281465002631648.5269
