281465036202464.71
281465002631648.83
281465002631648.89
281465036202464.97
281465036202464.113
281465011024352.133
281465002631648.149
281465002631648.157
281465002631648.207
281465044595168.225
281465002631648.229
281465002631648.235
281465002631648.251
281465044595168.281
281465036202464.287
281465002631648.291
281465002631648.321
281465002631648.355
281465002631648.387
281465002631648.405
281465002631648.441
281465002631648.469
281465036202464.481
281465002631648.495
281465002631648.515
281465002631648.557
281465044595168.567
281465002631648.571
281465002631648.593
281465260589536.599
281465002631648.603
281465002631648.639
281465002631648.647
281465002631648.663
281465002631648.703
281465002631648.707
281465002631648.711
281465011024352.717
281465002631648.721
281465690505696.805
281465805840864.827
281465822626272.839
281465805840864.847
281465933730272.907
281465839411680.917
281465805840864.933
281465805840864.939
281465805840864.949
281465002631648.983
281465002631648.997
281465002631648.1009
281465002631648.1013
281465027809760.1031
281465002631648.1035
281465002631648.1129
281465421021664.1133
281465044595168.1185
281465002631648.1189
281465027809760.1197
281465002631648.1201
281465002631648.1205
281465002631648.1215
281465002631648.1233
281465002631648.1237
281465002631648.1283
281465002631648.1287
281465002631648.1291
281465002631648.1295
281465002631648.1313
281465036202464.1317
281465002631648.1321
281465002631648.1325
281465002631648.1335
281465002631648.1339
281465002631648.1371
281465036202464.1399
281465002631648.1407
281465002631648.1411
281465002631648.1415
281465002631648.1419
281465002631648.1441
281465002631648.1445
281465002631648.1457
281465002631648.1477
281465002631648.1481
281465002631648.1499
281465002631648.1509
281465002631648.1547
281465002631648.1563
281465002631648.1571
281465002631648.1613
281465002631648.1627
281465002631648.1653
281465002631648.1711
281465002631648.1733
281465002631648.1763
281465002631648.1775
281465002631648.1823
281465002631648.1827
281465839411680.1831
281465260589536.1839
281465002631648.1847
281465002631648.1861
281465002631648.1869
281465002631648.1875
281465002631648.1879
281465002631648.1891
281465002631648.1905
281465002631648.1925
281465002631648.1931
281465002631648.1947
281465428365792.1963
281464994238944.2079
281465019417056.2091
281465260589536.2101
281464994238944.2115
281464994238944.2123
281465036202464.2127
281465036202464.2153
281464994238944.2159
281464994238944.2203
281465805840864.2213
281465002631648.2221
281465036202464.2225
281465002631648.2257
281465839411680.2267
281465002631648.2331
281465002631648.2373
281465002631648.2389
281465002631648.2393
281465044595168.2397
281465002631648.2405
281465002631648.2413
281465417875936.2421
281465002631648.2431
281465002631648.2467
281465002631648.2493
281465044595168.2527
281465002631648.2581
281465401090528.2587
281465027809760.2661
281465036202464.2679
281465036202464.2683
281465002631648.2689
281465002631648.2699
281465036202464.2707
281465044595168.2713
281465002631648.2725
281465002631648.2729
281465002631648.2771
281465002631648.2787
281465044595168.2817
281465002631648.2827
281465002631648.2829
281465002631648.2833
281465002631648.2845
281465002631648.2857
281465002631648.2863
281465002631648.2867
281465002631648.2905
281465002631648.2931
281465002631648.2937
281465002631648.2953
281465002631648.2959
281465002631648.2985
281465002631648.3001
281465002631648.3011
281465002631648.3033
281465019417056.3063
281465036202464.3071
281465002631648.3081
281465002631648.3097
281465002631648.3101
281465002631648.3133
281465002631648.3137
281465002631648.3153
281465002631648.3167
281465011024352.3175
281465002631648.3179
281465002631648.3187
281465036202464.3209
281465002631648.3217
281465002631648.3223
281465044595168.3241
281465260589536.3267
281465002631648.3273
281465002631648.3279
281465002631648.3321
281465011024352.3329
281465002631648.3349
281465002631648.3353
281465260589536.3463
281465044595168.3583
281465002631648.3587
281465002631648.3599
281465002631648.3609
281465002631648.3613
281465002631648.3675
281465044595168.3679
281465002631648.3709
281465044595168.3727
281465002631648.3785
281465002631648.3807
281465002631648.3873
281465002631648.3883
281465002631648.3903
281465002631648.3959
281465002631648.3963
281465002631648.3971
281465002631648.3979
281465044595168.3987
281465011024352.3991
281465002631648.4003
281465002631648.4009
281465002631648.4035
281465044595168.4041
281465002631648.4051
281465002631648.4073
281465002631648.4085
281465002631648.4107
281465002631648.4115
281465002631648.4119
281465002631648.4123
281465002631648.4143
281465002631648.4147
281465044595168.4157
281465002631648.4175
281465002631648.4179
281465002631648.4197
281465044595168.4203
281465002631648.4207
281465002631648.4215
281465036202464.4237
281465036202464.4241
281465002631648.4249
281465044595168.4253
281465002631648.4259
281465002631648.4263
281465044595168.4299
281465027809760.4303
281465002631648.4317
281465044595168.4389
281465036202464.4449
281465002631648.4453
281465002631648.4473
281465002631648.4505
281465036202464.4511
281465002631648.4515
281465002631648.4519
281465044595168.4525
281465044595168.4529
281465002631648.4565
281465036202464.4615
281465805840864.4631
281465002631648.4653
281465002631648.4657
281465011024352.4661
281465002631648.4667
281465002631648.4677
281465002631648.4681
281465002631648.4685
281465002631648.4729
281465002631648.4733
281465002631648.4737
281465002631648.4741
281465002631648.4745
281465002631648.4759
281465002631648.4771
281465002631648.4777
281465002631648.4799
281465002631648.4805
281465002631648.4821
281465044595168.4825
281465036202464.4835
281465002631648.4839
281465002631648.4843
281465002631648.4849
281465036202464.4859
281465002631648.4879
281465002631648.4891
281465002631648.4945
281465002631648.4949
281465002631648.4971
281465002631648.4997
281465044595168.5003
281465002631648.5007
281465002631648.5011
281465044595168.5025
281465002631648.5035
281465002631648.5039
281465002631648.5049
281465002631648.5065
281464994238944.5099
281464994238944.5111
281464994238944.5119
281465027809760.5145
281465011024352.5161
281464994238944.5219
281465044595168.5275
