281465285767648.8
281465002631648.37
281465002631648.57
281465036202464.77
281465002631648.95
281465285767648.109
281465011024352.145
281465002631648.161
281465002631648.223
281465002631648.227
281465002631648.231
281465002631648.241
281465002631648.255
281465036202464.261
281465002631648.265
281465260589536.273
281465002631648.285
281465002631648.293
281465002631648.303
281465002631648.307
281465002631648.335
281465002631648.341
281465002631648.359
281465002631648.373
281465002631648.377
281465002631648.383
281465002631648.389
281465044595168.399
281465002631648.409
281465002631648.457
281465002631648.461
281465002631648.497
281465002631648.503
281465002631648.513
281465805840864.519
281465002631648.541
281465002631648.563
281465002631648.581
281465036202464.595
281465002631648.631
281465002631648.635
281465002631648.653
281465044595168.661
281465002631648.669
281465002631648.697
281465002631648.701
281465002631648.735
281465002631648.739
281465036202464.743
281465002631648.749
281465673720288.763
281465002631648.767
281465002631648.777
281465044595168.783
281465002631648.787
281465268982240.803
281465805840864.817
281465805840864.865
281465805840864.871
281465805840864.881
281465805840864.893
281465839411680.913
281465002631648.957
281465002631648.977
281465002631648.991
281465011024352.995
281465002631648.1019
281465002631648.1027
281465002631648.1045
281465002631648.1049
281465011024352.1077
281465260589536.1083
281465002631648.1087
281465002631648.1111
281465404236256.1113
281465002631648.1123
281465002631648.1125
281465002631648.1143
281465002631648.1147
281465044595168.1171
281465002631648.1177
281465002631648.1203
281465002631648.1207
281465002631648.1211
281465002631648.1241
281465002631648.1259
281465002631648.1263
281465002631648.1271
281465002631648.1275
281465002631648.1281
281465412628960.1305
281465839411680.1309
281465002631648.1333
281465002631648.1337
281465002631648.1383
281465002631648.1389
281465002631648.1413
281465011024352.1423
281465002631648.1433
281465002631648.1449
281465002631648.1453
281465002631648.1463
281465002631648.1473
281465002631648.1483
281465011024352.1505
281465002631648.1511
281465002631648.1515
281465002631648.1519
281465002631648.1521
281465002631648.1525
281465002631648.1529
281465805840864.1583
281465805840864.1589
281465260589536.1609
281465002631648.1629
281465002631648.1657
281465002631648.1661
281465002631648.1689
281465002631648.1693
281465002631648.1697
281465002631648.1707
281465002631648.1713
281465002631648.1743
281465002631648.1755
281465011024352.1769
281465002631648.1793
281465002631648.1811
281465002631648.1819
281465002631648.1821
281465002631648.1841
281465002631648.1849
281465002631648.1865
281465002631648.1877
281465011024352.1887
281465002631648.1917
281465002631648.1929
281465002631648.1973
281465002631648.1989
281465002631648.1993
281465011024352.2021
281465044595168.2027
281464994238944.2047
281465027809760.2063
281464994238944.2081
281464994238944.2087
281464994238944.2107
281464994238944.2113
281464994238944.2119
281465036202464.2125
281464994238944.2129
281465036202464.2145
281464994238944.2155
281464994238944.2167
281464994238944.2195
281465822626272.2209
281465002631648.2229
281465036202464.2245
281465002631648.2277
281465002631648.2283
281465036202464.2287
281465002631648.2295
281465002631648.2299
281465036202464.2311
281465002631648.2329
281465002631648.2333
281465260589536.2349
281465011024352.2357
281465002631648.2407
281465401090528.2437
281465002631648.2451
281465002631648.2461
281465002631648.2465
281465002631648.2471
281465044595168.2475
281465002631648.2479
281465002631648.2535
281465002631648.2539
281465002631648.2541
281465002631648.2551
281465002631648.2571
281465002631648.2593
281465002631648.2597
281465002631648.2601
281465002631648.2609
281465036202464.2651
281465002631648.2655
281465260589536.2665
281465002631648.2731
281465002631648.2747
281465002631648.2751
281465002631648.2755
281465002631648.2761
281465002631648.2769
281465002631648.2789
281465805840864.2803
281465002631648.2807
281465002631648.2819
281465019417056.2839
281465002631648.2843
281465002631648.2847
281465002631648.2855
281465002631648.2873
281465839411680.2889
281465002631648.2923
281465933730272.2925
281465002631648.2933
281465002631648.2949
281465002631648.2955
281465019417056.2969
281465002631648.2977
281465002631648.2991
281465002631648.3003
281465002631648.3007
281465002631648.3017
281465002631648.3051
281465002631648.3055
281465002631648.3065
281465002631648.3073
281465002631648.3117
281465002631648.3121
281465002631648.3157
281465002631648.3161
281465036202464.3201
281465002631648.3205
281465002631648.3211
281465002631648.3219
281465002631648.3261
281465002631648.3265
281465002631648.3335
281465002631648.3343
281465002631648.3345
281465044595168.3367
281465002631648.3371
281465011024352.3453
281465002631648.3503
281465044595168.3521
281465002631648.3539
281465002631648.3543
281465002631648.3611
281465002631648.3615
281465002631648.3619
281465002631648.3637
281465036202464.3681
281465002631648.3741
281465002631648.3745
281465002631648.3779
281465002631648.3791
281465044595168.3797
281465002631648.3805
281465396896224.3833
281465002631648.3875
281465002631648.3889
281465413681632.3895
281465002631648.3905
281465002631648.3917
281465002631648.3923
281465002631648.3933
281465002631648.3973
281465011024352.3989
281465002631648.3993
281465002631648.3997
281465268982240.4001
281465002631648.4043
281465404240352.4067
281465002631648.4075
281465036202464.4095
281465002631648.4125
281465002631648.4131
281465002631648.4135
281465002631648.4151
281465044595168.4183
281465002631648.4201
281465002631648.4219
281465002631648.4247
281465002631648.4323
281465002631648.4333
281465002631648.4343
281465002631648.4363
281465002631648.4395
281465019417056.4419
281465002631648.4423
281465002631648.4431
281465019417056.4439
281465044595168.4443
281465002631648.4447
281465002631648.4451
281465036202464.4455
281465002631648.4483
281465002631648.4517
281465002631648.4561
281465036202464.4587
281465002631648.4597
281465044595168.4601
281465002631648.4609
281465805840864.4633
281465839411680.4637
281465002631648.4641
281465036202464.4647
281465002631648.4655
281465002631648.4705
281465002631648.4711
281465002631648.4725
281465002631648.4743
281465036202464.4747
281465002631648.4775
281465002631648.4803
281465002631648.4807
281465002631648.4817
281465002631648.4833
281465002631648.4851
281465002631648.4857
281465002631648.4881
281465002631648.4915
281465002631648.4929
281465002631648.5015
281465002631648.5023
281465002631648.5047
281465002631648.5069
281465002631648.5087
281465403191776.5091
281464994238944.5107
281464994238944.5113
281464994238944.5123
281464994238944.5127
281465002631648.5135
281464994238944.5143
281464994238944.5149
281465044595168.5223
281464994238944.5227
281465814233568.5259
281465002631648.5265
