281465285767648.6
281465285767648.22
281465002631648.55
281465002631648.69
281465002631648.103
281465002631648.213
281465002631648.217
281465002631648.221
281465002631648.253
281465044595168.257
281465044595168.271
281465002631648.295
281465044595168.319
281465002631648.339
281465002631648.353
281465002631648.397
281465002631648.413
281465002631648.419
281465002631648.429
281465002631648.437
281465002631648.445
281465044595168.473
281465002631648.507
281465831018976.525
281465011024352.535
281465002631648.543
281465002631648.559
281465044595168.569
281465002631648.585
281465002631648.625
281465002631648.629
281465002631648.641
281465002631648.649
281465002631648.671
281465002631648.675
281465002631648.691
281465002631648.695
281465002631648.709
281465002631648.723
281465044595168.727
281465002631648.747
281465002631648.761
281465002631648.799
281465805840864.815
281465839411680.873
281465839411680.885
281465805840864.901
281465805840864.935
281465002631648.981
281465002631648.989
281465002631648.1003
281465002631648.1047
281465002631648.1055
281465002631648.1059
281465002631648.1063
281465002631648.1073
281465002631648.1079
281465027809760.1089
281465002631648.1095
281465002631648.1099
281465002631648.1117
281465002631648.1127
281465002631648.1145
281465036202464.1149
281465002631648.1153
281465002631648.1163
281465002631648.1167
281465002631648.1199
281465002631648.1239
281465011024352.1307
281465002631648.1357
281465404236256.1365
281465002631648.1425
281465002631648.1429
281465002631648.1437
281465002631648.1469
281465027809760.1495
281465011024352.1501
281465002631648.1523
281465002631648.1533
281465002631648.1597
281465002631648.1603
281465044595168.1611
281465002631648.1639
281465036202464.1667
281465002631648.1701
281465002631648.1705
281465011024352.1719
281465002631648.1731
281465002631648.1757
281465002631648.1761
281465002631648.1777
281465002631648.1783
281465002631648.1787
281465002631648.1795
281465044595168.1803
281465002631648.1843
281465002631648.1857
281465002631648.1863
281465011024352.1873
281465002631648.1883
281465002631648.1915
281465839411680.1945
281465002631648.1949
281465002631648.1965
281465002631648.1975
281465002631648.1979
281465002631648.1997
281465002631648.2003
281465002631648.2009
281465011024352.2015
281465002631648.2029
281465002631648.2033
281464994238944.2039
281464994238944.2045
281464994238944.2067
281464994238944.2071
281465002631648.2105
281464994238944.2111
281464994238944.2133
281465027809760.2139
281464994238944.2143
281465002631648.2149
281465002631648.2199
281465805840864.2205
281465002631648.2241
281465044595168.2255
281465002631648.2259
281465002631648.2273
281465002631648.2289
281465002631648.2309
281465002631648.2385
281465036202464.2391
281465002631648.2395
281465002631648.2449
281465434661344.2495
281465044595168.2521
281465002631648.2531
281465002631648.2549
281465002631648.2561
281465002631648.2569
281465002631648.2575
281465002631648.2591
281465011024352.2605
281465443054048.2617
281465426268640.2623
281465002631648.2625
281465268982240.2631
281465002631648.2659
281465002631648.2671
281465932681696.2687
281465002631648.2691
281465011024352.2695
281465002631648.2711
281465002631648.2715
281465002631648.2781
281465805840864.2797
281465002631648.2813
281465002631648.2823
281465002631648.2861
281465002631648.2869
281465002631648.2877
281465044595168.2885
281465002631648.2895
281465424171488.2911
281465002631648.2939
281465002631648.2963
281465019417056.2975
281465002631648.2979
281465002631648.2983
281465002631648.2989
281465002631648.2999
281465002631648.3015
281465002631648.3021
281465002631648.3027
281465044595168.3039
281465036202464.3047
281465044595168.3067
281465002631648.3075
281465268982240.3079
281465002631648.3087
281465002631648.3135
281465839411680.3155
281465002631648.3159
281465011024352.3163
281465002631648.3171
281465002631648.3183
281465011024352.3207
281465002631648.3215
281465002631648.3271
281465002631648.3323
281465002631648.3331
281465044595168.3337
281465002631648.3369
281465805840864.3397
281465430467040.3421
281465002631648.3427
281465002631648.3485
281465002631648.3505
281465002631648.3523
281465002631648.3591
281465002631648.3603
281465002631648.3643
281465002631648.3657
281465002631648.3703
281465036202464.3705
281465002631648.3851
281465036202464.3879
281465002631648.3885
281465002631648.3897
281465805840864.4019
281465002631648.4029
281465002631648.4033
281465002631648.4045
281465019417056.4069
281465002631648.4081
281465002631648.4083
281465002631648.4103
281465002631648.4109
281465044595168.4127
281465002631648.4139
281465002631648.4163
281465002631648.4167
281465036202464.4171
281465002631648.4191
281465036202464.4195
281465002631648.4209
281465002631648.4213
281465002631648.4319
281465044595168.4347
281465002631648.4357
281465002631648.4379
281465002631648.4383
281465002631648.4409
281465002631648.4435
281465019417056.4445
281465002631648.4479
281465260589536.4531
281465002631648.4557
281465002631648.4591
281465002631648.4623
281465002631648.4643
281465002631648.4649
281465002631648.4679
281465002631648.4683
281465002631648.4687
281465002631648.4709
281465002631648.4717
281465002631648.4753
281465002631648.4761
281465002631648.4765
281465002631648.4809
281465002631648.4813
281465044595168.4847
281465002631648.4853
281465002631648.4863
281465002631648.4947
281465002631648.4951
281465002631648.4959
281465002631648.4993
281465002631648.5041
281465002631648.5045
281465044595168.5057
281465002631648.5063
281465002631648.5083
281465002631648.5085
281465002631648.5095
281464994238944.5097
281464994238944.5105
281464994238944.5109
281464994238944.5117
281464994238944.5155
281465394799072.5165
281465036202464.5267
281465392701920.5271
