281465698898400.31
281465002631648.47
281465002631648.63
281465002631648.91
281465036202464.117
281465002631648.129
281465002631648.141
281465690505696.151
281465002631648.199
281465002631648.209
281465002631648.211
281465002631648.239
281465027809760.275
281465002631648.279
281465002631648.309
281465002631648.375
281465002631648.379
281465002631648.395
281465002631648.401
281465002631648.425
281465011024352.431
281465002631648.447
281465002631648.463
281465002631648.485
281465002631648.587
281465044595168.591
281465011024352.601
281465002631648.651
281465002631648.659
281465002631648.665
281465002631648.673
281465002631648.713
281465002631648.715
281465002631648.733
281465002631648.737
281465002631648.741
281465044595168.755
281465011024352.781
281465002631648.795
281465805840864.875
281465805840864.889
281465805840864.897
281465805840864.909
281465002631648.969
281465044595168.975
281465002631648.987
281465002631648.1001
281465933730272.1017
281465002631648.1023
281465002631648.1051
281465002631648.1065
281465002631648.1081
281465002631648.1085
281465002631648.1141
281465036202464.1155
281465002631648.1159
281465044595168.1169
281465002631648.1175
281465036202464.1181
281465044595168.1195
281465002631648.1265
281465002631648.1269
281465002631648.1273
281465002631648.1279
281465002631648.1297
281465002631648.1355
281465002631648.1363
281465002631648.1375
281465002631648.1377
281465002631648.1381
281465002631648.1387
281465002631648.1435
281465002631648.1467
281465002631648.1513
281465002631648.1517
281465044595168.1531
281465002631648.1537
281465002631648.1541
281465002631648.1553
281465002631648.1557
281465002631648.1567
281465002631648.1573
281465839411680.1585
281465805840864.1591
281465002631648.1625
281465002631648.1635
281465002631648.1683
281465002631648.1687
281465002631648.1695
281465002631648.1709
281465002631648.1727
281465002631648.1735
281465002631648.1737
281465002631648.1741
281465411580384.1745
281465002631648.1749
281465002631648.1767
281465403187680.1771
281465011024352.1781
281465002631648.1785
281465002631648.1815
281465839411680.1833
281465419973088.1837
281465044595168.1853
281465002631648.1935
281465002631648.1951
281465002631648.1959
281465002631648.1971
281465036202464.1981
281465002631648.1995
281465002631648.2007
281465002631648.2011
281465002631648.2017
281464994238944.2043
281464994238944.2073
281465839411680.2131
281464994238944.2147
281464994238944.2151
281464994238944.2163
281465002631648.2179
281464994238944.2197
281465814233568.2211
281465011024352.2219
281465036202464.2247
281465002631648.2251
281465002631648.2271
281465002631648.2281
281465002631648.2307
281465044595168.2381
281465011024352.2399
281465036202464.2441
281465002631648.2447
281465002631648.2453
281465002631648.2457
281465002631648.2499
281465002631648.2519
281465409483232.2545
281465002631648.2579
281465002631648.2611
281465002631648.2627
281465002631648.2639
281465002631648.2645
281465002631648.2657
281465002631648.2669
281465002631648.2703
281465941074400.2745
281465002631648.2759
281465002631648.2765
281465805840864.2793
281465805840864.2799
281465002631648.2805
281465398993376.2811
281465002631648.2825
281465002631648.2831
281465002631648.2853
281465002631648.2879
281465002631648.2897
281465002631648.2935
281465002631648.2961
281465002631648.2981
281465002631648.2987
281465002631648.2993
281465002631648.3057
281465002631648.3077
281465002631648.3093
281465044595168.3103
281465044595168.3119
281465002631648.3125
281465002631648.3177
281465002631648.3181
281465002631648.3311
281465002631648.3315
281465002631648.3319
281465002631648.3363
281465002631648.3375
281465805840864.3401
281465027809760.3419
281465011024352.3423
281465002631648.3429
281465036202464.3435
281465002631648.3439
281465002631648.3457
281465002631648.3461
281465002631648.3513
281465002631648.3517
281465002631648.3575
281465044595168.3597
281465002631648.3601
281465002631648.3605
281465002631648.3641
281465002631648.3663
281465002631648.3667
281465002631648.3683
281465002631648.3687
281465002631648.3691
281465002631648.3693
281465002631648.3697
281465002631648.3701
281465036202464.3711
281465002631648.3781
281465002631648.3827
281465002631648.3857
281465002631648.3887
281465002631648.3899
281465002631648.3915
281465002631648.3931
281465002631648.3939
281465002631648.3961
281465002631648.3965
281465002631648.4005
281465805840864.4023
281465002631648.4091
281465002631648.4097
281465002631648.4105
281465036202464.4165
281465002631648.4169
281465002631648.4193
281465002631648.4245
281465002631648.4265
281465002631648.4269
281465002631648.4273
281465002631648.4301
281465002631648.4327
281465002631648.4351
281465002631648.4361
281465002631648.4385
281465002631648.4399
281465002631648.4415
281465002631648.4437
281465002631648.4499
281465002631648.4503
281465002631648.4513
281465002631648.4521
281465002631648.4527
281465011024352.4567
281465002631648.4583
281465002631648.4589
281465002631648.4603
281465002631648.4613
281465002631648.4619
281465002631648.4663
281465002631648.4665
281465002631648.4689
281465002631648.4693
281465002631648.4697
281465002631648.4713
281465002631648.4719
281465002631648.4723
281465002631648.4755
281465002631648.4819
281465044595168.4831
281465002631648.4841
281465002631648.4861
281465036202464.4907
281465419977184.4939
281465002631648.4963
281465002631648.5021
281465002631648.5027
281465002631648.5033
281465036202464.5037
281465002631648.5075
281465002631648.5089
281465002631648.5093
281464994238944.5101
281464994238944.5115
281464994238944.5125
281464994238944.5137
281465036202464.5141
281465805840864.5255
