281465673720288.12
281465285767648.33
281465002631648.49
281465002631648.67
281465002631648.105
281465002631648.115
281465002631648.121
281465002631648.153
281465002631648.237
281465002631648.269
281465011024352.283
281465002631648.325
281465002631648.329
281465002631648.333
281465002631648.337
281465002631648.349
281465002631648.367
281465044595168.371
281465002631648.381
281465002631648.391
281465002631648.403
281465002631648.407
281465002631648.417
281465002631648.421
281465260589536.443
281465002631648.449
281465002631648.451
281465002631648.477
281465002631648.487
281465002631648.493
281465002631648.505
281465002631648.521
281465044595168.537
281465002631648.545
281465002631648.547
281465002631648.551
281465002631648.555
281465002631648.573
281465260589536.577
281465002631648.607
281465002631648.611
281465036202464.627
281465002631648.677
281465036202464.693
281465002631648.731
281465002631648.775
281465036202464.791
281465682112992.797
281465002631648.801
281465805840864.811
281466051228128.821
281465805840864.825
281465805840864.831
281465805840864.857
281465805840864.879
281465805840864.887
281465805840864.903
281465933730272.915
281465814233568.937
281465839411680.953
281465002631648.961
281465002631648.971
281465942122976.979
281465002631648.1039
281465002631648.1043
281465412628960.1093
281465002631648.1101
281465942122976.1105
281465933730272.1115
281465002631648.1119
281465027809760.1131
281465412628960.1235
281465002631648.1285
281465011024352.1289
281465002631648.1299
281465002631648.1303
281465002631648.1315
281465002631648.1331
281465002631648.1341
281465002631648.1347
281465002631648.1351
281465044595168.1353
281465002631648.1455
281465002631648.1459
281465002631648.1479
281465268982240.1497
281465002631648.1545
281465002631648.1549
281465036202464.1559
281465036202464.1565
281465002631648.1577
281465036202464.1595
281465002631648.1599
281465002631648.1623
281465002631648.1633
281465002631648.1637
281465002631648.1675
281465002631648.1681
281465011024352.1685
281465002631648.1717
281465002631648.1723
281465044595168.1729
281465002631648.1739
281465002631648.1845
281465044595168.1851
281465002631648.1855
281465002631648.1933
281465002631648.1937
281465002631648.1943
281465002631648.1955
281465942122976.1967
281465019417056.1991
281465002631648.2005
281465002631648.2019
281465002631648.2025
281464994238944.2061
281464994238944.2065
281465027809760.2089
281465036202464.2169
281465002631648.2227
281465401090528.2235
281465002631648.2239
281465002631648.2249
281465002631648.2269
281465002631648.2285
281465002631648.2293
281465002631648.2297
281465002631648.2301
281465002631648.2305
281465932681696.2327
281465036202464.2355
281465002631648.2375
281465002631648.2379
281465002631648.2383
281465002631648.2401
281465434661344.2411
281465002631648.2415
281465002631648.2423
281465002631648.2455
281465002631648.2459
281465002631648.2469
281465044595168.2473
281465002631648.2477
281465002631648.2515
281465002631648.2555
281465044595168.2565
281465002631648.2573
281465941074400.2585
281465044595168.2589
281465002631648.2603
281465002631648.2607
281465002631648.2613
281465002631648.2619
281465268982240.2633
281465002631648.2647
281465036202464.2673
281465002631648.2677
281465002631648.2709
281465002631648.2717
281465002631648.2727
281465002631648.2749
281465002631648.2753
281465019417056.2757
281465002631648.2783
281465839411680.2795
281465011024352.2865
281465002631648.2871
281465002631648.2883
281465002631648.2887
281465002631648.2891
281465002631648.2903
281465011024352.2915
281465036202464.2921
281465002631648.2943
281465002631648.2947
281465002631648.2957
281465036202464.2965
281465002631648.2971
281465044595168.2995
281465002631648.3005
281465002631648.3009
281465044595168.3013
281465036202464.3049
281465002631648.3061
281465002631648.3129
281465036202464.3185
281465002631648.3203
281465002631648.3213
281465002631648.3245
281465002631648.3269
281465002631648.3277
281465036202464.3281
281465002631648.3313
281465002631648.3317
281465036202464.3327
281465036202464.3347
281465002631648.3351
281465002631648.3355
281465002631648.3377
281465805840864.3395
281465260589536.3425
281465002631648.3459
281465002631648.3483
281465002631648.3487
281465011024352.3509
281465002631648.3519
281465002631648.3545
281465002631648.3577
281465002631648.3595
281465002631648.3607
281465002631648.3633
281465002631648.3669
281465002631648.3695
281465002631648.3699
281465002631648.3713
281465002631648.3717
281465002631648.3721
281465002631648.3743
281465002631648.3749
281465002631648.3769
281465044595168.3773
281465002631648.3801
281465002631648.3811
281465002631648.3829
281465002631648.3855
281465027809760.3911
281465002631648.3921
281465002631648.3929
281465002631648.3975
281465002631648.3985
281465413681632.3995
281465002631648.4007
281465002631648.4015
281465002631648.4037
281465002631648.4065
281465437811168.4071
281465002631648.4093
281465002631648.4099
281465011024352.4137
281465044595168.4155
281465002631648.4173
281465002631648.4177
281465437811168.4181
281465002631648.4205
281465036202464.4217
281465036202464.4329
281465002631648.4337
281465002631648.4341
281465002631648.4345
281465002631648.4349
281465002631648.4407
281465002631648.4411
281465027809760.4413
281465011024352.4441
281465002631648.4523
281465002631648.4559
281465036202464.4563
281465002631648.4595
281465002631648.4599
281465002631648.4607
281465002631648.4617
281465002631648.4621
281465002631648.4625
281465805840864.4629
281465805840864.4635
281465002631648.4651
281465394799072.4669
281465002631648.4673
281465839411680.4691
281465002631648.4695
281465839411680.4699
281465044595168.4701
281465002631648.4715
281465002631648.4721
281465394799072.4763
281465002631648.4797
281465002631648.4801
281465002631648.4811
281465002631648.4855
281465002631648.4871
281465044595168.4877
281465002631648.4889
281465002631648.4911
281465002631648.4935
281465002631648.4941
281465002631648.4991
281465002631648.5013
281465002631648.5051
281465002631648.5055
281465044595168.5079
281465419977184.5151
281464994238944.5171
281465027809760.5179
281464994238944.5221
281465839411680.5261
281465002631648.5273
