281464633549280.45
281464633549280.67
281464633549280.77
281464633549280.93
281464633549280.141
281464633549280.211
281464633549280.271
281464633549280.279
281464633549280.293
281464633549280.299
281464633549280.357
281464876806624.361
281464885199328.371
281464633549280.409
281464633549280.413
281464633549280.445
281465413677536.449
281464868413920.465
281464633549280.487
281464633549280.517
281465797448160.521
281465805840864.529
281464633549280.561
281464876806624.577
281464633549280.583
281464633549280.599
281464633549280.603
281464633549280.625
281464633549280.629
281464633549280.657
281464633549280.667
281464641941984.707
281464860021216.717
281464633549280.721
281464633549280.739
281464633549280.757
281464633549280.761
281464633549280.781
281464633549280.791
281465805840864.865
281465405284832.913
281465958941152.917
281465814233568.943
281465822626272.953
281464633549280.957
281464633549280.973
281464885199328.977
281464633549280.1033
281464633549280.1037
281464633549280.1055
281464633549280.1119
281464633549280.1223
281464633549280.1285
281464885199328.1293
281464633549280.1307
281464633549280.1315
281464633549280.1319
281464633549280.1323
281464876806624.1377
281464633549280.1383
281464633549280.1431
281464876806624.1435
281464633549280.1443
281464633549280.1477
281464633549280.1485
281465151537632.1489
281464633549280.1497
281464633549280.1501
281464633549280.1505
281464633549280.1525
281464641941984.1533
281464633549280.1547
281464633549280.1551
281464633549280.1557
281464876806624.1583
281464633549280.1599
281464868413920.1627
281464633549280.1629
281464633549280.1633
281464901984736.1655
281464633549280.1673
281464633549280.1683
281464633549280.1687
281464885199328.1721
281464633549280.1731
281464885199328.1737
281464633549280.1755
281464633549280.1777
281464633549280.1795
281464633549280.1807
281464633549280.1813
281464633549280.1819
281464633549280.1823
281464633549280.1899
281464633549280.1921
281464633549280.1933
281464633549280.1955
281464633549280.2007
281464633549280.2059
281464633549280.2069
281464633549280.2073
281464893592032.2081
281464633549280.2111
281464633549280.2135
281464633549280.2151
281464633549280.2155
281464860021216.2177
281464633549280.2191
281464633549280.2229
281464633549280.2245
281464633549280.2251
281464633549280.2273
281464633549280.2279
281465139999200.2295
281464633549280.2301
281464633549280.2309
281464633549280.2331
281464633549280.2339
281464633549280.2343
281464633549280.2375
281464633549280.2379
281464633549280.2383
281464876806624.2389
281464633549280.2403
281464633549280.2427
281464633549280.2433
281464633549280.2441
281464633549280.2447
281465139999200.2451
281464633549280.2475
281464633549280.2479
281464633549280.2515
281464633549280.2527
281464633549280.2531
281464633549280.2543
281464633549280.2595
281464633549280.2599
281464633549280.2601
281464633549280.2681
281464633549280.2709
281464633549280.2745
281464876806624.2749
281464876806624.2753
281464633549280.2759
281464641941984.2783
281464633549280.2787
281464633549280.2791
281465165177312.2795
281464633549280.2801
281464633549280.2809
281464633549280.2815
281464633549280.2843
281464876806624.2853
281464633549280.2857
281464876806624.2861
281464876806624.2879
281464633549280.2885
281464633549280.2935
281464633549280.2939
281464633549280.2945
281465805844960.3017
281464633549280.3023
281464633549280.3033
281464633549280.3039
281464633549280.3059
281464633549280.3093
281464633549280.3129
281464633549280.3133
281464633549280.3137
281464885199328.3153
281464633549280.3177
281464633549280.3185
281464633549280.3211
281464633549280.3215
281464633549280.3227
281464901984736.3251
281464633549280.3265
281464633549280.3269
281464633549280.3287
281464885199328.3303
281464885199328.3321
281464633549280.3333
281464633549280.3381
281464885199328.3389
281464633549280.3399
281464625156576.3483
281464625156576.3487
281464625156576.3505
281464625156576.3509
281464625156576.3521
281464625156576.3525
281464625156576.3533
281464625156576.3565
281465129509344.3581
281464625156576.3609
281464625156576.3635
281464625156576.3645
281464625156576.3669
281464625156576.3689
281464625156576.3717
281464625156576.3723
281464625156576.3729
281464625156576.3735
281464625156576.3765
281464868413920.3771
281464625156576.3775
281464625156576.3815
281464625156576.3837
281464625156576.3843
281464868413920.3847
281464625156576.3859
281464625156576.3863
281464625156576.3873
281464625156576.3899
281464625156576.3903
281464876806624.3907
281464625156576.3925
281464625156576.3979
281464893592032.4051
281464625156576.4059
281464633549280.4081
281464633549280.4085
281464633549280.4091
281464633549280.4183
281464885199328.4187
281464633549280.4199
281464633549280.4203
281464633549280.4221
281464876806624.4233
281464633549280.4239
281464633549280.4275
281464633549280.4317
281464633549280.4325
281464633549280.4353
281464633549280.4415
281464641941984.4419
281464633549280.4437
281464633549280.4441
281464641941984.4445
281464885199328.4451
281464633549280.4475
281464633549280.4479
281464876806624.4485
281464633549280.4515
281464885199328.4525
281464633549280.4531
281464885199328.4573
281464633549280.4581
281464633549280.4585
281464633549280.4593
281464633549280.4597
281464633549280.4601
281464633549280.4623
281464633549280.4627
281464633549280.4641
281464641941984.4647
281464633549280.4663
281464633549280.4675
281464625156576.4683
281464625156576.4689
281464633549280.4693
281464868413920.4707
281464625156576.4727
281464625156576.4737
281464625156576.4753
281464625156576.4767
281464625156576.4777
281464625156576.4799
281464876806624.4827
281464868413920.4833
281464641941984.4837
281464641941984.4841
281464625156576.4871
281464625156576.4877
281464625156576.4923
281464625156576.4947
281464625156576.4951
281464625156576.4955
281464625156576.4963
281464625156576.4969
281464625156576.4979
281464625156576.4983
281464625156576.4987
281464876806624.4995
281464625156576.5039
281464625156576.5047
281464625156576.5067
281464893592032.5097
281464625156576.5181
281464876806624.5185
281464625156576.5197
