281464893592032.65
281464876806624.89
281464633549280.111
281464633549280.209
281464633549280.235
281464633549280.239
281464633549280.247
281464633549280.251
281464633549280.255
281464633549280.263
281464633549280.267
281464633549280.277
281464885199328.305
281464633549280.315
281464633549280.331
281464633549280.337
281464633549280.353
281464868413920.377
281464633549280.389
281464893592032.429
281464633549280.455
281464876806624.459
281464633549280.499
281464633549280.527
281464633549280.531
281465797448160.547
281464633549280.553
281464633549280.585
281464633549280.619
281464633549280.635
281464633549280.639
281464633549280.645
281464633549280.653
281465822626272.669
281464633549280.673
281464633549280.677
281464633549280.735
281464633549280.759
281464633549280.799
281465396892128.823
281465396892128.831
281465396892128.843
281465405284832.875
281465396892128.901
281465396892128.907
281465396892128.911
281465396892128.941
281464633549280.959
281464633549280.985
281464633549280.995
281464633549280.1011
281464641941984.1039
281464633549280.1081
281464633549280.1087
281464633549280.1097
281464633549280.1103
281464633549280.1113
281464633549280.1127
281464633549280.1137
281464633549280.1169
281464641941984.1187
281464633549280.1195
281464876806624.1207
281464633549280.1221
281464633549280.1241
281464633549280.1259
281464633549280.1263
281464633549280.1353
281464876806624.1379
281464633549280.1407
281464633549280.1411
281464633549280.1415
281464641941984.1419
281464633549280.1451
281464633549280.1465
281464641941984.1473
281464633549280.1495
281464633549280.1507
281464633549280.1517
281464633549280.1531
281464633549280.1543
281464633549280.1561
281464633549280.1565
281464633549280.1585
281464633549280.1589
281464633549280.1603
281464633549280.1623
281464633549280.1651
281464633549280.1679
281464633549280.1751
281464633549280.1771
281464633549280.1785
281464633549280.1789
281464633549280.1825
281464633549280.1829
281464633549280.1879
281464633549280.1917
281464885199328.1945
281464633549280.1951
281464876806624.1977
281464633549280.1993
281464641941984.1997
281464633549280.2029
281464633549280.2033
281464885199328.2087
281464633549280.2119
281464876806624.2131
281464633549280.2153
281464633549280.2157
281464633549280.2167
281464633549280.2207
281464633549280.2211
281464885199328.2219
281464633549280.2227
281464633549280.2231
281465148391904.2239
281464633549280.2243
281464633549280.2255
281464633549280.2265
281464633549280.2373
281464633549280.2391
281464633549280.2401
281464885199328.2405
281464633549280.2429
281465131606496.2467
281464860021216.2483
281464633549280.2517
281464633549280.2521
281464633549280.2597
281464633549280.2603
281464633549280.2623
281464633549280.2629
281464633549280.2639
281464633549280.2645
281464876806624.2677
281464633549280.2683
281464633549280.2721
281464633549280.2755
281464633549280.2761
281464633549280.2765
281465396892128.2821
281465805840864.2825
281464633549280.2875
281464633549280.2891
281464633549280.2897
281464633549280.2901
281464633549280.2905
281464633549280.2909
281464633549280.2931
281464633549280.2947
281464633549280.2951
281464633549280.2965
281464633549280.2979
281464633549280.2995
281464633549280.3001
281464893592032.3037
281464633549280.3041
281464633549280.3063
281464633549280.3069
281464633549280.3075
281464876806624.3097
281464633549280.3111
281464633549280.3131
281464633549280.3139
281464633549280.3143
281464633549280.3147
281464893592032.3151
281464633549280.3171
281464633549280.3181
281464641941984.3193
281464885199328.3209
281464633549280.3217
281464633549280.3223
281464633549280.3249
281464885199328.3253
281464633549280.3257
281464633549280.3261
281464633549280.3275
281464633549280.3279
281464633549280.3283
281464633549280.3291
281464633549280.3359
281464633549280.3369
281464633549280.3377
281464633549280.3385
281464633549280.3395
281464633549280.3419
281464633549280.3423
281464633549280.3427
281465805840864.3451
281464633549280.3455
281464633549280.3461
281464625156576.3473
281464625156576.3511
281464625156576.3547
281464625156576.3551
281464625156576.3573
281464625156576.3633
281464876806624.3655
281464625156576.3659
281464625156576.3679
281464625156576.3681
281464625156576.3685
281464625156576.3725
281464625156576.3767
281464625156576.3813
281464625156576.3829
281464876806624.3833
281464625156576.3853
281464625156576.3857
281464868413920.3867
281464625156576.3871
281464625156576.3957
281464625156576.3961
281464625156576.3983
281464876806624.4001
281464625156576.4029
281464633549280.4033
281464625156576.4037
281465171472864.4065
281465171472864.4071
281465171472864.4075
281465813193184.4089
281464633549280.4093
281464633549280.4101
281464633549280.4173
281464885199328.4201
281464876806624.4211
281464633549280.4225
281464633549280.4229
281464633549280.4237
281464876806624.4329
281464633549280.4339
281464633549280.4351
281464633549280.4357
281464633549280.4381
281464633549280.4407
281464885199328.4411
281464633549280.4413
281464633549280.4435
281464633549280.4439
281464633549280.4443
281464885199328.4453
281464633549280.4461
281464868413920.4467
281464633549280.4523
281464633549280.4545
281464633549280.4549
281464633549280.4557
281464876806624.4561
281464633549280.4571
281464633549280.4575
281464633549280.4583
281464633549280.4587
281464633549280.4591
281464633549280.4637
281464633549280.4655
281464633549280.4673
281464625156576.4677
281464625156576.4691
281464625156576.4697
281464625156576.4735
281464625156576.4759
281464625156576.4763
281464625156576.4773
281464625156576.4821
281464625156576.4825
281464625156576.4843
281464625156576.4869
281464625156576.4935
281464625156576.4999
281464625156576.5005
281464901984736.5017
281464625156576.5121
281464641941984.5153
281464876806624.5169
281464625156576.5191
281465134756320.5229
281464625156576.5237
