281464991117792.10
281464991117792.18
281464991117792.22
281464633549280.39
281464633549280.79
281464876806624.83
281464633549280.101
281464633549280.113
281464633549280.143
281464633549280.149
281464876806624.153
281464633549280.207
281464633549280.229
281464633549280.237
281464633549280.241
281464633549280.269
281464633549280.283
281464868413920.297
281464633549280.303
281464876806624.333
281464633549280.339
281464633549280.347
281464876806624.359
281464633549280.367
281464633549280.373
281464633549280.379
281464641941984.383
281464633549280.427
281464633549280.431
281464633549280.437
281464991117792.443
281464633549280.447
281464633549280.473
281464633549280.479
281464633549280.483
281464885199328.489
281464633549280.511
281464633549280.537
281464633549280.549
281464633549280.557
281464633549280.573
281464633549280.579
281464633549280.611
281464633549280.615
281464633549280.691
281464633549280.695
281464876806624.699
281464633549280.709
281464633549280.713
281464633549280.725
281464633549280.741
281464885199328.751
281464633549280.771
281464633549280.777
281464633549280.783
281464633549280.793
281464633549280.797
281465396892128.845
281465396892128.857
281465396892128.861
281465396892128.883
281465396892128.889
281465396892128.897
281465805840864.903
281465396892128.915
281465396892128.929
281465396892128.937
281465396892128.945
281464633549280.971
281464633549280.1005
281464633549280.1021
281464893592032.1045
281464633549280.1049
281464633549280.1059
281464633549280.1063
281464641941984.1089
281464633549280.1101
281464633549280.1131
281464633549280.1155
281464633549280.1175
281464633549280.1227
281464893592032.1231
281464633549280.1235
281464633549280.1267
281464633549280.1295
281464633549280.1317
281464633549280.1321
281464633549280.1333
281464633549280.1343
281465134752224.1347
281464633549280.1357
281464633549280.1361
281464633549280.1447
281464633549280.1475
281464633549280.1479
281464633549280.1483
281464633549280.1491
281464633549280.1511
281464633549280.1539
281464633549280.1559
281464633549280.1567
281465396892128.1573
281464633549280.1619
281464633549280.1641
281464633549280.1659
281464633549280.1677
281464633549280.1717
281464633549280.1733
281464633549280.1775
281464633549280.1845
281464641941984.1849
281464633549280.1857
281464633549280.1863
281464633549280.1869
281464633549280.1873
281464641941984.1877
281464633549280.1881
281464633549280.1897
281464633549280.1901
281464641941984.1927
281464633549280.1935
281464633549280.1939
281464633549280.1953
281464633549280.1957
281464633549280.1961
281464633549280.1967
281464860021216.1981
281464641941984.1989
281464633549280.1995
281464633549280.2011
281464633549280.2025
281464633549280.2031
281464633549280.2037
281464876806624.2055
281464876806624.2129
281464633549280.2137
281464633549280.2179
281465396892128.2193
281465405284832.2203
281464633549280.2209
281464633549280.2223
281464633549280.2235
281464633549280.2293
281464633549280.2297
281464633549280.2327
281464633549280.2337
281464633549280.2353
281464633549280.2377
281464633549280.2381
281464876806624.2395
281464633549280.2409
281464633549280.2459
281464876806624.2481
281464633549280.2493
281464893592032.2497
281464633549280.2503
281464633549280.2561
281464633549280.2575
281464633549280.2613
281464885199328.2641
281464633549280.2673
281464876806624.2679
281464633549280.2711
281464633549280.2725
281464633549280.2729
281464633549280.2739
281464633549280.2743
281464633549280.2763
281464633549280.2773
281464633549280.2789
281465131606496.2797
281465155736032.2839
281464633549280.2841
281464885199328.2865
281464633549280.2871
281464633549280.2895
281465805844960.2911
281464633549280.2917
281464885199328.2941
281464633549280.2957
281464633549280.2977
281464633549280.2985
281465814237664.3005
281464641941984.3025
281464876806624.3031
281464633549280.3105
281464633549280.3115
281464633549280.3159
281464885199328.3163
281464633549280.3167
281464633549280.3179
281464633549280.3189
281464876806624.3197
281464633549280.3255
281465155736032.3259
281464633549280.3263
281464633549280.3267
281464633549280.3271
281464633549280.3273
281464633549280.3295
281464633549280.3297
281464633549280.3329
281465172521440.3337
281464633549280.3341
281465396892128.3443
281465396892128.3447
281464633549280.3459
281464625156576.3467
281464625156576.3475
281464885199328.3515
281464625156576.3541
281464625156576.3605
281464625156576.3617
281464625156576.3637
281464625156576.3641
281464633549280.3661
281464625156576.3665
281464625156576.3691
281464625156576.3719
281465813189088.3727
281464876806624.3739
281464625156576.3751
281464625156576.3773
281464625156576.3803
281464625156576.3855
281464625156576.3875
281464625156576.3897
281464625156576.3939
281464625156576.3999
281465821581792.4003
281464625156576.4035
281464625156576.4045
281464625156576.4049
281464885199328.4099
281464633549280.4103
281464633549280.4109
281464633549280.4141
281464633549280.4145
281464633549280.4153
281464633549280.4177
281464633549280.4181
281464633549280.4189
281464633549280.4207
281464876806624.4243
281464885199328.4277
281464633549280.4305
281464893592032.4309
281464633549280.4387
281464633549280.4391
281464633549280.4397
281464633549280.4447
281464901984736.4449
281465813193184.4469
281464876806624.4495
281464633549280.4511
281464633549280.4541
281464633549280.4553
281464633549280.4577
281464633549280.4589
281464633549280.4619
281464633549280.4643
281464633549280.4659
281464633549280.4667
281464633549280.4671
281464625156576.4733
281464625156576.4743
281464625156576.4751
281464625156576.4769
281464625156576.4779
281464633549280.4803
281464625156576.4823
281464625156576.4927
281464876806624.4933
281464625156576.4943
281464625156576.4961
281464625156576.4973
281464625156576.4977
281464625156576.4981
281464625156576.5001
281464625156576.5015
281464625156576.5019
281464625156576.5023
281464625156576.5045
281464625156576.5061
281464893592032.5145
281464901984736.5151
281464625156576.5155
281464625156576.5173
281464625156576.5189
281464625156576.5221
281464625156576.5225
