281464991117792.16
281464991117792.20
281464633549280.49
281464876806624.87
281464633549280.97
281464633549280.105
281464633549280.121
281464641941984.147
281464641941984.155
281464633549280.161
281464633549280.217
281464633549280.225
281464633549280.249
281464991117792.273
281464633549280.285
281465405284832.295
281464633549280.301
281464633549280.309
281464633549280.323
281464633549280.327
281464633549280.343
281464633549280.355
281464633549280.363
281464633549280.369
281464633549280.391
281465805840864.395
281464641941984.399
281464633549280.405
281464633549280.421
281464633549280.453
281464633549280.501
281464633549280.505
281464633549280.509
281464633549280.525
281464633549280.569
281464633549280.575
281464633549280.587
281464885199328.591
281464633549280.623
281464641941984.631
281464633549280.655
281464633549280.671
281464633549280.675
281464633549280.679
281464633549280.683
281464641941984.701
281464633549280.723
281464885199328.731
281464633549280.743
281464633549280.753
281464876806624.763
281464876806624.769
281464901984736.789
281464633549280.801
281465396892128.811
281465984119264.817
281465396892128.853
281465396892128.863
281465797448160.885
281465396892128.927
281465396892128.947
281464633549280.983
281464633549280.991
281464633549280.993
281464633549280.999
281464633549280.1003
281464633549280.1013
281464633549280.1023
281464633549280.1041
281464876806624.1079
281464633549280.1083
281464633549280.1109
281464876806624.1129
281464633549280.1141
281464633549280.1149
281464633549280.1153
281464633549280.1157
281464633549280.1189
281464876806624.1205
281464633549280.1215
281464633549280.1219
281464633549280.1237
281464633549280.1245
281464633549280.1265
281464633549280.1273
281464633549280.1277
281464633549280.1287
281464641941984.1291
281464633549280.1313
281464633549280.1329
281464876806624.1355
281464633549280.1359
281464633549280.1367
281464633549280.1371
281464633549280.1387
281464633549280.1391
281464633549280.1397
281464633549280.1417
281464885199328.1421
281464633549280.1425
281464633549280.1429
281464633549280.1433
281464633549280.1459
281464885199328.1469
281464876806624.1499
281464876806624.1503
281464885199328.1513
281464633549280.1521
281464633549280.1527
281464633549280.1609
281464633549280.1615
281464885199328.1625
281464633549280.1645
281465141047776.1667
281464633549280.1671
281464633549280.1691
281464633549280.1713
281464633549280.1735
281464633549280.1757
281464633549280.1765
281464885199328.1769
281464633549280.1851
281464633549280.1865
281464633549280.1871
281464633549280.1885
281464641941984.1891
281464633549280.1895
281464876806624.1925
281464633549280.1929
281464633549280.1947
281464633549280.1963
281464633549280.1965
281464633549280.1975
281464633549280.1987
281464633549280.2003
281464633549280.2043
281464633549280.2047
281464633549280.2065
281464885199328.2115
281464633549280.2123
281464876806624.2145
281464633549280.2169
281464633549280.2173
281464633549280.2183
281464633549280.2189
281465396892128.2197
281464868413920.2249
281464876806624.2261
281464633549280.2269
281464633549280.2303
281464633549280.2307
281464885199328.2355
281464633549280.2435
281464633549280.2463
281464633549280.2485
281464633549280.2507
281464633549280.2511
281464633549280.2545
281465165177312.2549
281464893592032.2553
281464633549280.2559
281464633549280.2563
281464633549280.2569
281464633549280.2573
281464633549280.2615
281464633549280.2625
281464641941984.2631
281464633549280.2671
281464885199328.2713
281464633549280.2717
281464633549280.2737
281464633549280.2757
281464885199328.2767
281464633549280.2771
281464633549280.2777
281464633549280.2803
281464633549280.2805
281465396892128.2819
281464633549280.2893
281464633549280.2899
281464633549280.2907
281464633549280.2937
281464633549280.2955
281464633549280.2975
281464633549280.2981
281464633549280.2989
281464633549280.3021
281464633549280.3065
281464633549280.3073
281464633549280.3079
281464633549280.3095
281464633549280.3099
281464633549280.3107
281464876806624.3195
281464633549280.3219
281465138950624.3277
281464633549280.3281
281464868413920.3289
281464633549280.3293
281464633549280.3379
281464633549280.3383
281464633549280.3407
281464885199328.3411
281464633549280.3417
281465396892128.3449
281464633549280.3463
281464625156576.3469
281464876806624.3477
281464625156576.3485
281464625156576.3503
281464625156576.3523
281464625156576.3539
281464625156576.3545
281465137902048.3553
281464641941984.3557
281464901984736.3579
281464625156576.3597
281464625156576.3601
281464625156576.3611
281464625156576.3615
281464625156576.3623
281464625156576.3667
281464625156576.3683
281464625156576.3687
281464625156576.3733
281464625156576.3737
281464876806624.3827
281464868413920.3841
281464625156576.3845
281464625156576.3851
281464625156576.3861
281464625156576.3865
281464625156576.3869
281464625156576.3923
281464625156576.3927
281464625156576.3931
281464625156576.3935
281464625156576.3963
281464868413920.3985
281464625156576.3989
281464633549280.4107
281464633549280.4111
281464633549280.4133
281464885199328.4137
281464633549280.4149
281464633549280.4213
281464633549280.4241
281464633549280.4333
281464633549280.4343
281464893592032.4347
281464633549280.4377
281464633549280.4389
281464633549280.4395
281464633549280.4399
281464633549280.4405
281464633549280.4409
281464876806624.4417
281464633549280.4421
281464633549280.4471
281464633549280.4483
281464633549280.4491
281464633549280.4529
281464876806624.4559
281464633549280.4563
281464633549280.4631
281464633549280.4635
281464633549280.4661
281464625156576.4725
281464625156576.4729
281464633549280.4755
281464641941984.4765
281464625156576.4879
281464876806624.4941
281464625156576.4949
281464868413920.4959
281464625156576.5011
281464625156576.5103
281464625156576.5107
281464625156576.5177
281464625156576.5183
281464625156576.5231
