281464991117792.8
281464991117792.31
281464633549280.63
281464633549280.115
281464633549280.221
281464876806624.245
281464633549280.275
281464633549280.287
281464633549280.321
281464885199328.325
281464633549280.419
281464633549280.423
281464633549280.433
281464633549280.475
281464633549280.533
281464633549280.541
281464633549280.551
281464885199328.559
281464633549280.563
281464633549280.601
281464876806624.605
281464633549280.689
281464641941984.697
281464633549280.711
281464633549280.729
281464633549280.749
281464633549280.787
281465797448160.803
281464633549280.807
281465405284832.871
281465396892128.877
281465396892128.881
281465396892128.939
281464876806624.961
281464633549280.965
281464901984736.987
281464633549280.1091
281464633549280.1095
281464885199328.1099
281464633549280.1111
281464633549280.1135
281464633549280.1151
281464633549280.1163
281464633549280.1167
281464633549280.1171
281464633549280.1181
281464633549280.1197
281464633549280.1201
281464633549280.1211
281464633549280.1247
281464633549280.1281
281464893592032.1305
281464633549280.1325
281464633549280.1337
281464633549280.1345
281464633549280.1349
281464885199328.1369
281464885199328.1375
281464633549280.1399
281464633549280.1403
281464633549280.1409
281464633549280.1437
281464633549280.1453
281464633549280.1457
281464633549280.1467
281464633549280.1471
281464633549280.1481
281464633549280.1537
281464633549280.1545
281464633549280.1549
281464876806624.1555
281464633549280.1563
281465805840864.1571
281464633549280.1591
281464633549280.1593
281464633549280.1597
281464633549280.1601
281464633549280.1643
281464633549280.1693
281464633549280.1697
281464633549280.1729
281464633549280.1741
281464885199328.1745
281464633549280.1767
281464633549280.1805
281464885199328.1809
281464876806624.1827
281464633549280.1831
281464633549280.1853
281464633549280.1859
281464885199328.1867
281464633549280.1875
281464633549280.1911
281464633549280.1943
281464633549280.1973
281464633549280.2005
281464885199328.2039
281464633549280.2051
281464633549280.2061
281464633549280.2075
281464633549280.2095
281464633549280.2127
281464633549280.2139
281464633549280.2143
281464633549280.2147
281464633549280.2171
281464633549280.2287
281465139999200.2347
281464633549280.2361
281464633549280.2367
281464633549280.2371
281464633549280.2387
281464633549280.2419
281464633549280.2465
281464633549280.2469
281464633549280.2487
281464633549280.2501
281464633549280.2589
281464633549280.2593
281464633549280.2607
281464641941984.2619
281464885199328.2661
281464633549280.2665
281464633549280.2669
281464633549280.2751
281464876806624.2775
281464633549280.2779
281464633549280.2793
281464633549280.2813
281465396892128.2827
281464633549280.2829
281464633549280.2833
281465138950624.2837
281464633549280.2845
281464633549280.2867
281464633549280.2877
281464633549280.2889
281464633549280.2913
281464885199328.2921
281464633549280.2927
281464885199328.2943
281464633549280.2953
281464633549280.2959
281465138950624.2971
281464633549280.2983
281464633549280.3015
281464633549280.3019
281464633549280.3067
281464633549280.3109
281464633549280.3113
281464633549280.3145
281464633549280.3161
281464633549280.3169
281464876806624.3173
281464885199328.3201
281464633549280.3221
281464633549280.3231
281464633549280.3235
281464633549280.3299
281464633549280.3305
281464633549280.3327
281464633549280.3347
281464633549280.3361
281464893592032.3365
281464633549280.3391
281464633549280.3421
281464633549280.3425
281464625156576.3479
281465813189088.3549
281464876806624.3575
281464625156576.3619
281464876806624.3629
281464625156576.3651
281464625156576.3673
281465163080160.3677
281464625156576.3805
281464876806624.3809
281464625156576.3817
281464625156576.3877
281464625156576.3881
281464625156576.3887
281464868413920.3891
281464625156576.3895
281464876806624.3929
281464625156576.3933
281464625156576.3959
281464625156576.3965
281464876806624.3969
281464625156576.3973
281464625156576.3977
281464625156576.3995
281464625156576.4007
281464633549280.4095
281464633549280.4135
281464633549280.4139
281464633549280.4157
281464633549280.4185
281464633549280.4209
281464633549280.4217
281464633549280.4227
281464885199328.4231
281464633549280.4235
281464633549280.4271
281464633549280.4321
281464633549280.4327
281465152590304.4337
281464633549280.4355
281464633549280.4359
281464633549280.4363
281464633549280.4401
281464633549280.4455
281464633549280.4459
281464633549280.4473
281464633549280.4477
281464633549280.4487
281464633549280.4539
281465160983008.4547
281464633549280.4551
281464885199328.4555
281464633549280.4569
281464633549280.4613
281464885199328.4621
281464633549280.4625
281464876806624.4633
281464625156576.4807
281465006842336.4903
281465168327136.4919
281464625156576.4925
281464876806624.4939
281464876806624.4967
281464625156576.4971
281464625156576.4975
281464868413920.4985
281464625156576.4989
281464625156576.4993
281464625156576.4997
281464625156576.5099
281464625156576.5131
281464625156576.5147
281464876806624.5171
