281464991117792.35
281464633549280.103
281464633549280.117
281464633549280.129
281464633549280.151
281464633549280.213
281464885199328.233
281464641941984.317
281464633549280.319
281464860021216.329
281464633549280.341
281464633549280.351
281464633549280.365
281464633549280.375
281465822626272.381
281464633549280.385
281464633549280.401
281464641941984.415
281464633549280.451
281464633549280.467
281464633549280.471
281464885199328.493
281464633549280.497
281464633549280.515
281465396892128.519
281464633549280.535
281464633549280.539
281464633549280.545
281464633549280.555
281464633549280.567
281464885199328.609
281464633549280.613
281464633549280.617
281464876806624.627
281464633549280.637
281464633549280.641
281464633549280.643
281464633549280.647
281464876806624.651
281464633549280.661
281464633549280.681
281464885199328.685
281464876806624.693
281465822626272.703
281464633549280.715
281464641941984.719
281464633549280.727
281464633549280.747
281464633549280.755
281464633549280.765
281464633549280.779
281465396892128.815
281465396892128.821
281465805840864.827
281465396892128.835
281465396892128.909
281465396892128.925
281464633549280.963
281464633549280.997
281464876806624.1009
281464633549280.1017
281464633549280.1025
281465143144928.1043
281464633549280.1047
281464633549280.1051
281464633549280.1057
281464633549280.1085
281464633549280.1107
281464633549280.1145
281464633549280.1173
281464633549280.1179
281464633549280.1183
281464633549280.1191
281464633549280.1199
281464633549280.1203
281464633549280.1225
281464633549280.1229
281464633549280.1239
281464633549280.1243
281464633549280.1251
281464633549280.1255
281464633549280.1257
281464633549280.1311
281464633549280.1351
281464633549280.1363
281464893592032.1427
281464633549280.1449
281464633549280.1455
281464633549280.1463
281464633549280.1509
281464633549280.1523
281464633549280.1529
281464633549280.1541
281465396892128.1575
281465805840864.1579
281464633549280.1605
281464633549280.1611
281464876806624.1637
281464633549280.1647
281464633549280.1663
281464633549280.1719
281464633549280.1727
281464633549280.1749
281464633549280.1753
281464633549280.1763
281464633549280.1781
281464633549280.1793
281464885199328.1815
281464633549280.1855
281464633549280.1861
281464633549280.1887
281464633549280.1913
281464885199328.1949
281464633549280.1959
281464633549280.1971
281465822630368.1983
281464633549280.1991
281464633549280.2009
281464633549280.2027
281464633549280.2035
281464876806624.2057
281464633549280.2113
281464633549280.2159
281464633549280.2165
281464633549280.2175
281464868413920.2187
281466245812704.2195
281465396892128.2199
281464633549280.2205
281464633549280.2213
281464633549280.2233
281464633549280.2257
281464633549280.2263
281464885199328.2267
281465156784608.2277
281464633549280.2281
281464633549280.2285
281464633549280.2289
281464633549280.2363
281464633549280.2385
281464633549280.2407
281464633549280.2413
281464633549280.2417
281464633549280.2421
281464633549280.2425
281464633549280.2439
281464633549280.2443
281465814237664.2445
281464633549280.2453
281464885199328.2477
281464633549280.2491
281464633549280.2505
281464633549280.2509
281464633549280.2519
281464633549280.2525
281464633549280.2535
281464633549280.2539
281464633549280.2551
281464633549280.2555
281464633549280.2591
281465165177312.2611
281464633549280.2627
281464633549280.2635
281465148391904.2637
281464633549280.2663
281464633549280.2667
281464641941984.2675
281464633549280.2723
281464633549280.2733
281464633549280.2781
281465396892128.2823
281464633549280.2831
281464633549280.2835
281464633549280.2849
281464633549280.2881
281464633549280.2919
281464633549280.2925
281465164128736.2929
281464633549280.2933
281464633549280.2963
281464633549280.2987
281465805844960.2993
281464633549280.3011
281464633549280.3035
281464885199328.3155
281464633549280.3175
281464641941984.3191
281464633549280.3205
281464633549280.3285
281464633549280.3301
281464633549280.3323
281464641941984.3331
281465130557920.3343
281464885199328.3349
281464633549280.3353
281464633549280.3357
281464641941984.3373
281464633549280.3387
281464633549280.3393
281464633549280.3397
281464633549280.3401
281464633549280.3409
281464625156576.3471
281464625156576.3481
281465137902048.3501
281464625156576.3519
281464625156576.3529
281464876806624.3555
281465137902048.3561
281464625156576.3567
281464868413920.3571
281464625156576.3621
281464625156576.3639
281464876806624.3647
281464625156576.3657
281464625156576.3743
281464625156576.3747
281464876806624.3801
281464625156576.3821
281464625156576.3839
281464625156576.3893
281464625156576.3937
281464625156576.3941
281464625156576.3967
281464860021216.3993
281464876806624.3997
281464625156576.4011
281464625156576.4015
281464625156576.4041
281464625156576.4063
281465171472864.4073
281464633549280.4079
281464633549280.4083
281464633549280.4105
281464633549280.4125
281464633549280.4131
281464633549280.4159
281465127412192.4193
281464633549280.4219
281464633549280.4223
281464633549280.4361
281464633549280.4425
281464633549280.4429
281464633549280.4433
281464633549280.4457
281464633549280.4639
281464633549280.4653
281464625156576.4679
281464625156576.4685
281464885199328.4703
281464625156576.4711
281464625156576.4747
281464625156576.4749
281464901984736.4757
281464625156576.4831
281464625156576.4835
281464868413920.4839
281464625156576.4873
281464625156576.4895
281464625156576.4899
281464625156576.4921
281464625156576.4929
281464625156576.4945
281464625156576.4953
281464625156576.4957
281464625156576.4965
281464625156576.5007
281464625156576.5063
281464876806624.5071
281464625156576.5125
281464625156576.5129
281464625156576.5175
281464625156576.5179
281464625156576.5199
281464625156576.5203
281464625156576.5217
281464625156576.5235
281464625156576.5239
