281464991117792.6
281464991117792.12
281464633549280.43
281464633549280.109
281464633549280.133
281464633549280.201
281464633549280.205
281464633549280.223
281464633549280.253
281464633549280.257
281464876806624.261
281464633549280.291
281464633549280.313
281464633549280.335
281464633549280.349
281464876806624.387
281464633549280.397
281464633549280.425
281464876806624.435
281464633549280.439
281465396892128.457
281464633549280.461
281464633549280.477
281464633549280.481
281464633549280.485
281464860021216.513
281464633549280.523
281464633549280.571
281464633549280.595
281464633549280.607
281464633549280.621
281464876806624.649
281464633549280.659
281464633549280.665
281464633549280.687
281464633549280.733
281464633549280.745
281464633549280.767
281464885199328.775
281464633549280.785
281464633549280.795
281464641941984.805
281464633549280.809
281465396892128.813
281465814233568.879
281465396892128.893
281465831018976.899
281465396892128.949
281464633549280.969
281464633549280.975
281464633549280.981
281464633549280.989
281464885199328.1001
281464633549280.1015
281464633549280.1019
281464633549280.1027
281464633549280.1029
281464633549280.1035
281464876806624.1053
281464633549280.1061
281464633549280.1077
281464633549280.1117
281464633549280.1123
281464633549280.1125
281464633549280.1133
281464633549280.1161
281464885199328.1193
281464633549280.1261
281464633549280.1269
281464860021216.1275
281464633549280.1279
281464633549280.1283
281464633549280.1289
281464633549280.1299
281464633549280.1303
281464633549280.1365
281464633549280.1373
281464633549280.1381
281464633549280.1395
281464633549280.1439
281464633549280.1445
281464885199328.1487
281464885199328.1519
281464633549280.1535
281464633549280.1553
281465396892128.1577
281464633549280.1587
281464633549280.1613
281464633549280.1631
281464860021216.1635
281465822630368.1639
281464633549280.1665
281464633549280.1681
281464633549280.1685
281464901984736.1689
281464885199328.1695
281464633549280.1699
281464633549280.1723
281464641941984.1725
281464633549280.1739
281464633549280.1743
281464633549280.1747
281464633549280.1773
281464633549280.1783
281464633549280.1787
281464885199328.1791
281464633549280.1799
281464633549280.1803
281464876806624.1821
281464633549280.1847
281464633549280.1883
281464633549280.1893
281464633549280.1907
281464876806624.1931
281464885199328.1941
281464641941984.1969
281464633549280.1999
281464633549280.2001
281464633549280.2049
281464633549280.2067
281464633549280.2071
281464633549280.2079
281464633549280.2083
281464633549280.2091
281464633549280.2109
281464633549280.2117
281464633549280.2149
281464633549280.2161
281464633549280.2221
281464633549280.2225
281464633549280.2237
281464633549280.2241
281464633549280.2253
281464876806624.2259
281464633549280.2271
281464633549280.2275
281464633549280.2283
281464633549280.2291
281464633549280.2299
281464633549280.2305
281464633549280.2311
281464860021216.2325
281464633549280.2329
281465139999200.2335
281464641941984.2349
281464885199328.2359
281464633549280.2365
281464633549280.2369
281464633549280.2393
281464633549280.2399
281464885199328.2431
281464633549280.2455
281464633549280.2461
281464633549280.2471
281464641941984.2495
281464633549280.2499
281464633549280.2523
281464633549280.2557
281464885199328.2565
281464633549280.2617
281464633549280.2633
281464633549280.2643
281464633549280.2647
281464633549280.2727
281464633549280.2731
281464885199328.2735
281464633549280.2769
281464633549280.2811
281464633549280.2847
281464633549280.2863
281464633549280.2869
281464633549280.2873
281464633549280.2887
281464633549280.2949
281464633549280.2961
281464633549280.2969
281464893592032.2973
281464633549280.2999
281464876806624.3003
281464633549280.3027
281465814237664.3043
281464633549280.3101
281464633549280.3149
281464633549280.3157
281464633549280.3187
281464633549280.3199
281464633549280.3203
281464633549280.3207
281464633549280.3229
281464633549280.3233
281464633549280.3339
281464633549280.3351
281464633549280.3363
281464860021216.3403
281464633549280.3413
281465396892128.3441
281464876806624.3453
281464876806624.3457
281464625156576.3465
281464625156576.3513
281464625156576.3517
281464625156576.3527
281464625156576.3531
281464625156576.3535
281464625156576.3537
281464625156576.3543
281464625156576.3559
281464625156576.3569
281464625156576.3603
281464860021216.3627
281464625156576.3631
281464868413920.3643
281464625156576.3663
281464868413920.3721
281464625156576.3731
281464625156576.3741
281464625156576.3807
281464625156576.3811
281464625156576.3819
281464625156576.3823
281464625156576.3831
281464625156576.3835
281464876806624.3849
281464625156576.3879
281464625156576.3883
281464876806624.3901
281464625156576.3905
281464876806624.3921
281464625156576.3943
281464876806624.3971
281464876806624.3975
281464625156576.3981
281464625156576.4043
281464860021216.4047
281464625156576.4053
281464625156576.4057
281464625156576.4061
281465171472864.4069
281464633549280.4077
281464633549280.4129
281464633549280.4147
281464633549280.4151
281464641941984.4155
281464633549280.4175
281464633549280.4179
281464633549280.4191
281464633549280.4195
281464885199328.4205
281464633549280.4215
281464633549280.4269
281464633549280.4273
281464633549280.4279
281464633549280.4307
281464633549280.4313
281464633549280.4331
281464860021216.4341
281464901984736.4345
281464633549280.4349
281464633549280.4385
281464633549280.4393
281464633549280.4403
281464633549280.4423
281464633549280.4463
281464633549280.4493
281464633549280.4517
281464633549280.4521
281464633549280.4527
281464633549280.4533
281464633549280.4537
281464901984736.4543
281464633549280.4565
281464633549280.4605
281464633549280.4609
281464633549280.4617
281464633549280.4651
281464625156576.4681
281464625156576.4687
281464625156576.4705
281464625156576.4709
281464625156576.4741
281464625156576.4745
281464625156576.4761
281464625156576.4783
281464625156576.4797
281464901984736.4801
281464876806624.4805
281464868413920.4893
281464893592032.4897
281464625156576.4901
281464625156576.4917
281464868413920.5009
281464625156576.5043
281464633549280.5069
281464860021216.5123
281465159934432.5149
281464625156576.5195
281464625156576.5219
281464625156576.5223
