281464991117792.33
281464633549280.55
281464860021216.81
281464633549280.91
281464633549280.157
281464633549280.199
281464633549280.203
281464633549280.215
281465831018976.219
281464633549280.227
281464633549280.231
281464633549280.243
281464876806624.259
281464633549280.265
281464885199328.281
281464633549280.289
281464633549280.307
281465405284832.311
281464633549280.345
281464893592032.393
281464633549280.403
281465822626272.407
281464633549280.411
281464633549280.417
281464633549280.441
281464633549280.463
281464633549280.469
281464633549280.491
281464633549280.495
281464633549280.503
281464633549280.507
281464633549280.543
281464633549280.565
281464633549280.581
281464633549280.589
281464633549280.593
281464633549280.597
281464633549280.633
281464633549280.663
281464633549280.705
281464633549280.737
281464633549280.773
281465396892128.825
281465396892128.829
281465396892128.833
281465396892128.841
281465396892128.847
281465396892128.859
281465396892128.869
281465396892128.905
281466411028960.923
281465396892128.935
281465814237664.967
281464633549280.979
281464633549280.1007
281464633549280.1031
281464633549280.1093
281464633549280.1105
281464633549280.1115
281464633549280.1121
281464633549280.1139
281464885199328.1143
281464641941984.1147
281464633549280.1159
281464633549280.1165
281464633549280.1177
281464633549280.1185
281464893592032.1209
281464633549280.1213
281464633549280.1217
281464885199328.1233
281464876806624.1249
281464633549280.1253
281464633549280.1271
281464633549280.1297
281464633549280.1301
281464876806624.1309
281464633549280.1327
281464633549280.1331
281464633549280.1335
281464633549280.1339
281464633549280.1341
281464641941984.1385
281464633549280.1389
281464633549280.1393
281464633549280.1401
281464633549280.1405
281464885199328.1413
281464633549280.1423
281464633549280.1441
281464633549280.1461
281464633549280.1493
281464633549280.1515
281465396892128.1569
281464633549280.1581
281464641941984.1595
281464633549280.1607
281464633549280.1617
281464633549280.1621
281464633549280.1649
281464641941984.1653
281464633549280.1657
281464633549280.1661
281464633549280.1669
281464633549280.1675
281464633549280.1715
281464633549280.1759
281464633549280.1761
281464633549280.1779
281464633549280.1797
281464633549280.1801
281464633549280.1811
281464633549280.1817
281464633549280.1889
281464633549280.1903
281464633549280.1905
281464633549280.1909
281464633549280.1915
281464633549280.1919
281464633549280.1923
281464633549280.1937
281464633549280.1979
281464641941984.1985
281464633549280.2041
281464633549280.2045
281464633549280.2053
281464633549280.2063
281464633549280.2077
281464893592032.2085
281464633549280.2089
281464641941984.2093
281464633549280.2121
281464633549280.2125
281464885199328.2133
281464641941984.2141
281464633549280.2163
281464633549280.2181
281464633549280.2185
281465396892128.2201
281464633549280.2215
281464633549280.2217
281464885199328.2247
281464633549280.2333
281464633549280.2341
281464860021216.2345
281464633549280.2351
281464633549280.2357
281464633549280.2397
281464633549280.2411
281464633549280.2415
281464633549280.2423
281464633549280.2437
281464885199328.2449
281464633549280.2457
281464633549280.2473
281464860021216.2489
281464633549280.2513
281464633549280.2529
281464633549280.2533
281464633549280.2537
281464633549280.2541
281464633549280.2547
281464633549280.2567
281464641941984.2571
281464876806624.2605
281464641941984.2609
281464633549280.2621
281464633549280.2715
281464633549280.2719
281464633549280.2741
281464633549280.2747
281464633549280.2785
281464633549280.2799
281464885199328.2807
281465413677536.2817
281464633549280.2851
281464633549280.2855
281464633549280.2859
281464633549280.2883
281464633549280.2903
281464633549280.2915
281464885199328.2923
281464633549280.2967
281464633549280.2991
281464876806624.2997
281464633549280.3007
281464893592032.3009
281465155736032.3013
281465814237664.3029
281464633549280.3057
281464633549280.3061
281464633549280.3071
281464633549280.3077
281464876806624.3103
281464633549280.3135
281464633549280.3141
281464876806624.3165
281464633549280.3183
281464633549280.3213
281464633549280.3225
281464633549280.3307
281464633549280.3325
281464876806624.3335
281464633549280.3345
281464633549280.3355
281464633549280.3367
281464633549280.3371
281464633549280.3375
281464633549280.3405
281464885199328.3415
281465405284832.3445
281464625156576.3507
281464625156576.3563
281464625156576.3577
281464625156576.3583
281464625156576.3599
281464625156576.3607
281464625156576.3613
281464625156576.3625
281464625156576.3649
281464625156576.3653
281465129509344.3671
281464625156576.3675
281464625156576.3745
281464625156576.3749
281464625156576.3769
281464625156576.3825
281464625156576.3885
281464625156576.3889
281464625156576.3987
281464625156576.3991
281464625156576.4005
281464625156576.4009
281464625156576.4013
281464625156576.4031
281464868413920.4039
281465163080160.4055
281465171472864.4067
281464641941984.4087
281464633549280.4097
281464893592032.4127
281464633549280.4143
281464893592032.4197
281464633549280.4311
281464633549280.4315
281464633549280.4319
281464633549280.4323
281464633549280.4335
281464633549280.4379
281464633549280.4383
281464885199328.4427
281464885199328.4431
281464876806624.4465
281464885199328.4481
281464633549280.4489
281464901984736.4509
281464633549280.4513
281465813193184.4519
281464633549280.4535
281464633549280.4567
281464633549280.4579
281464633549280.4595
281464633549280.4599
281464633549280.4603
281464633549280.4607
281464633549280.4611
281464633549280.4615
281464633549280.4629
281464885199328.4645
281464633549280.4649
281464633549280.4657
281464633549280.4665
281464633549280.4669
281465168327136.4695
281464625156576.4699
281464625156576.4701
281464625156576.4731
281464625156576.4739
281464868413920.4771
281464625156576.4775
281464876806624.4781
281464625156576.4829
281464876806624.4875
281464625156576.4931
281464625156576.4937
281464625156576.4991
281464625156576.5003
281464625156576.5013
281464625156576.5021
281464625156576.5037
281464876806624.5041
281464625156576.5065
281464868413920.5101
281464625156576.5105
281464625156576.5127
281464625156576.5187
281464625156576.5193
281464625156576.5201
281464625156576.5227
281464625156576.5233
