281464887271904.67
281464887271904.93
281464887271904.117
281464887271904.153
281464887271904.199
281464887271904.213
281464887271904.233
281464887271904.235
281464904057312.239
281464887271904.243
281464887271904.253
281464887271904.263
281464929235424.281
281464887271904.285
281464887271904.309
281464887271904.315
281464887271904.319
281464887271904.351
281464887271904.381
281464962806240.403
281464895664608.407
281464937628128.413
281464920842720.429
281464887271904.433
281464887271904.469
281464887271904.485
281464887271904.523
281464887271904.529
281465545798112.563
281464929235424.567
281464887271904.589
281464887271904.637
281464887271904.647
281464887271904.653
281464887271904.657
281464887271904.669
281464887271904.711
281464887271904.717
281464887271904.803
281465562583520.813
281465529012704.823
281465529012704.827
281465529012704.847
281465554190816.865
281465537405408.875
281465529012704.889
281465562583520.917
281464887271904.967
281464887271904.975
281464887271904.987
281464887271904.1003
281464887271904.1019
281464887271904.1025
281464887271904.1031
281464895664608.1045
281464895664608.1049
281464887271904.1055
281464887271904.1059
281464887271904.1063
281464887271904.1067
281464895664608.1101
281464887271904.1107
281464895664608.1133
281464887271904.1189
281465799553504.1223
281464887271904.1251
281464887271904.1267
281464887271904.1269
281464887271904.1271
281464887271904.1337
281464887271904.1345
281464887271904.1349
281464929235424.1359
281464887271904.1367
281465799553504.1371
281464887271904.1377
281464887271904.1383
281464887271904.1393
281464887271904.1415
281464887271904.1421
281464929235424.1429
281464895664608.1461
281464887271904.1485
281464887271904.1489
281464887271904.1493
281464929235424.1501
281464887271904.1577
281466620133856.1581
281464887271904.1607
281464887271904.1611
281464887271904.1615
281464887271904.1625
281464929235424.1635
281464887271904.1643
281464887271904.1647
281464887271904.1653
281464887271904.1687
281464887271904.1691
281464920842720.1699
281464887271904.1729
281464887271904.1739
281464887271904.1793
281464895664608.1801
281464895664608.1819
281464937628128.1821
281464887271904.1839
281464887271904.1853
281464887271904.1911
281464887271904.1915
281464887271904.1933
281464895664608.1939
281464895664608.1987
281464887271904.2003
281464887271904.2007
281464946020832.2019
281464887271904.2065
281464887271904.2157
281464887271904.2169
281464887271904.2173
281465570976224.2183
281464887271904.2193
281464887271904.2197
281464887271904.2201
281464887271904.2205
281464887271904.2209
281464887271904.2213
281465529012704.2219
281465529012704.2223
281465529012704.2227
281464887271904.2243
281464887271904.2293
281464887271904.2297
281464887271904.2303
281464887271904.2307
281464887271904.2317
281465799553504.2337
281464887271904.2341
281464929235424.2361
281464887271904.2409
281464887271904.2433
281464887271904.2441
281464887271904.2519
281464887271904.2567
281464887271904.2581
281464937628128.2585
281464887271904.2595
281464887271904.2615
281464887271904.2619
281464887271904.2629
281464887271904.2633
281465032008160.2665
281464887271904.2695
281464887271904.2703
281464887271904.2719
281464887271904.2735
281464887271904.2769
281464887271904.2773
281464887271904.2787
281464887271904.2793
281464887271904.2815
281464887271904.2819
281464887271904.2831
281464878879200.2877
281464878879200.2887
281464878879200.2891
281464878879200.2905
281464878879200.2915
281464878879200.2999
281464878879200.3029
281464878879200.3053
281464878879200.3057
281464878879200.3061
281464878879200.3065
281464878879200.3083
281464878879200.3111
281465039352288.3153
281464878879200.3197
281464878879200.3235
281464878879200.3249
281464912450016.3279
281464878879200.3299
281464878879200.3317
281464878879200.3321
281464878879200.3357
281464878879200.3367
281464878879200.3383
281464878879200.3387
281464878879200.3411
281464878879200.3419
281464878879200.3423
281464878879200.3427
281464878879200.3431
281464887271904.3455
281464887271904.3459
281464887271904.3477
281464887271904.3487
281464937628128.3511
281464887271904.3533
281464887271904.3543
281464887271904.3547
281464887271904.3563
281464887271904.3575
281464887271904.3579
281464887271904.3593
281464887271904.3633
281464887271904.3649
281464887271904.3653
281464887271904.3675
281464887271904.3679
281464887271904.3691
281464887271904.3699
281464920842720.3703
281464887271904.3793
281464887271904.3797
281464887271904.3801
281464887271904.3919
281464887271904.3979
281464887271904.3983
281464895664608.4015
281464887271904.4043
281464887271904.4047
281465529012704.4067
281465529012704.4071
281464887271904.4081
281464887271904.4089
281464887271904.4103
281464887271904.4141
281464887271904.4151
281464895664608.4155
281464887271904.4159
281464912450016.4169
281464887271904.4173
281464887271904.4185
281464887271904.4197
281464887271904.4203
281465799553504.4217
281464887271904.4235
281464920842720.4287
281464887271904.4309
281464887271904.4317
281464887271904.4381
281464887271904.4391
281464887271904.4413
281464887271904.4419
281464887271904.4455
281464887271904.4465
281464887271904.4471
281464887271904.4485
281464920842720.4493
281464887271904.4497
281464887271904.4501
281464887271904.4575
281464887271904.4579
281464887271904.4599
281464887271904.4609
281464887271904.4627
281464886223328.4721
281464886223328.4745
281464886223328.4751
281464886223328.4817
281464928186848.4831
281464886223328.4849
281464886223328.4879
281464886223328.4973
281464886223328.5013
281464886223328.5027
281464886223328.5031
281464886223328.5075
281464886223328.5085
281464886223328.5097
281464886223328.5103
281464886223328.5147
281464886223328.5151
281464894616032.5167
281464886223328.5169
281464919794144.5175
281464886223328.5183
281464886223328.5191
281464886223328.5215
281464886223328.5221
