281464962806240.16
281464962806240.35
281464887271904.37
281464887271904.57
281464920842720.75
281464887271904.79
281464946020832.87
281464887271904.103
281464887271904.111
281464887271904.127
281464887271904.145
281464887271904.151
281464887271904.203
281464887271904.221
281464887271904.223
281464920842720.267
281464887271904.277
281464887271904.287
281464887271904.293
281464887271904.297
281464929235424.301
281464895664608.313
281464887271904.345
281464887271904.369
281464887271904.389
281464887271904.391
281464887271904.395
281464887271904.417
281464887271904.421
281464887271904.425
281464904057312.431
281464887271904.443
281464887271904.473
281464887271904.519
281464929235424.559
281464887271904.599
281464887271904.603
281464887271904.611
281464887271904.617
281464929235424.635
281464887271904.639
281464887271904.645
281464887271904.651
281464887271904.661
281464887271904.689
281464887271904.707
281464887271904.713
281464920842720.723
281464887271904.761
281464887271904.765
281464920842720.771
281464887271904.777
281464887271904.783
281464887271904.793
281464887271904.797
281465529012704.817
281465562583520.857
281465562583520.879
281465529012704.893
281465529012704.933
281465529012704.943
281465529012704.947
281464887271904.959
281464887271904.979
281464887271904.983
281464887271904.1001
281464887271904.1033
281464920842720.1037
281464887271904.1077
281464887271904.1083
281464887271904.1093
281464887271904.1103
281464887271904.1141
281464887271904.1153
281464887271904.1161
281464887271904.1187
281464887271904.1199
281464887271904.1203
281464887271904.1213
281464887271904.1217
281464887271904.1239
281464887271904.1247
281464887271904.1253
281464895664608.1295
281464887271904.1315
281464937628128.1321
281464887271904.1351
281464887271904.1375
281464887271904.1397
281464887271904.1425
281464887271904.1431
281464887271904.1451
281464887271904.1455
281464887271904.1469
281464912450016.1475
281464887271904.1487
281464929235424.1531
281464912450016.1537
281464887271904.1541
281464887271904.1571
281464887271904.1575
281464887271904.1619
281464887271904.1629
281464887271904.1641
281464887271904.1679
281464887271904.1693
281464887271904.1697
281464887271904.1701
281464887271904.1721
281464904057312.1757
281464887271904.1769
281464887271904.1773
281465041449440.1777
281464887271904.1781
281464887271904.1791
281464887271904.1867
281464887271904.1889
281464887271904.1907
281464887271904.1913
281464887271904.1941
281464887271904.1965
281464887271904.1981
281464887271904.2005
281464929235424.2017
281464887271904.2093
281464887271904.2103
281464887271904.2121
281464887271904.2127
281464887271904.2145
281464895664608.2149
281464887271904.2161
281464887271904.2177
281464887271904.2181
281464904057312.2185
281464887271904.2195
281464887271904.2241
281464904057312.2251
281465032008160.2275
281464887271904.2289
281464887271904.2315
281464887271904.2321
281464887271904.2329
281464887271904.2345
281464887271904.2371
281464887271904.2379
281464887271904.2383
281464887271904.2425
281464887271904.2439
281464920842720.2445
281464887271904.2449
281464887271904.2471
281464920842720.2475
281464887271904.2485
281464887271904.2491
281464887271904.2501
281464887271904.2515
281464887271904.2525
281464929235424.2559
281464887271904.2575
281464887271904.2587
281464887271904.2589
281464887271904.2613
281464887271904.2621
281464887271904.2637
281464887271904.2661
281464895664608.2675
281464887271904.2685
281464887271904.2699
281464887271904.2757
281464887271904.2777
281464887271904.2813
281464887271904.2825
281465529012704.2841
281465529012704.2845
281464878879200.2881
281464878879200.2893
281464878879200.2931
281464878879200.2937
281464878879200.3047
281464878879200.3055
281464878879200.3067
281464878879200.3073
281464878879200.3137
281464878879200.3183
281464878879200.3187
281464878879200.3231
281464878879200.3255
281464878879200.3261
281464878879200.3273
281464887271904.3335
281464878879200.3353
281464878879200.3439
281464887271904.3473
281464887271904.3483
281464887271904.3531
281464887271904.3565
281464887271904.3569
281464887271904.3631
281464887271904.3641
281464895664608.3701
281464929235424.3715
281464887271904.3719
281464887271904.3723
281464929235424.3757
281464887271904.3763
281464887271904.3799
281464887271904.3835
281464887271904.3851
281464887271904.3857
281464887271904.3865
281464929235424.3913
281464887271904.3917
281464887271904.3935
281464887271904.3945
281464887271904.3977
281464887271904.4009
281464887271904.4025
281464929235424.4037
281464887271904.4055
281464887271904.4061
281465529012704.4069
281464887271904.4085
281464887271904.4109
281464887271904.4115
281464887271904.4123
281464887271904.4127
281464887271904.4177
281464887271904.4181
281464920842720.4209
281464887271904.4221
281464895664608.4227
281464887271904.4231
281464887271904.4275
281464887271904.4307
281464887271904.4323
281464887271904.4333
281464887271904.4339
281464887271904.4347
281464887271904.4355
281464887271904.4359
281464887271904.4393
281465001587168.4397
281464912450016.4415
281464887271904.4421
281464887271904.4453
281464920842720.4467
281464887271904.4489
281464887271904.4509
281464887271904.4519
281464887271904.4545
281464887271904.4551
281464887271904.4555
281464887271904.4569
281464887271904.4585
281464887271904.4593
281464887271904.4597
281464887271904.4607
281464887271904.4611
281465529012704.4671
281465529012704.4675
281464886223328.4679
281464886223328.4705
281464886223328.4735
281464886223328.4755
281464886223328.4759
281464886223328.4795
281464886223328.4809
281464886223328.4813
281464886223328.4857
281464886223328.4863
281464936579552.4881
281464886223328.4889
281464886223328.4909
281464919794144.4913
281464886223328.4943
281464886223328.4991
281464886223328.5025
281464886223328.5029
281464886223328.5043
281464886223328.5063
281464944972256.5073
281464886223328.5077
281464886223328.5087
281464886223328.5141
281464886223328.5155
281465570976224.5159
281464886223328.5171
281464903008736.5217
281464886223328.5223
281464886223328.5227
281464886223328.5251
281465529012704.5259
281465529012704.5263
281464886223328.5273
