281464962806240.18
281464887271904.73
281464887271904.95
281464887271904.149
281464887271904.157
281464887271904.161
281464887271904.209
281464887271904.217
281464946020832.227
281464887271904.231
281465570976224.249
281464887271904.259
281464887271904.291
281464887271904.299
281465545798112.335
281464887271904.349
281464887271904.353
281464887271904.363
281464887271904.371
281464887271904.375
281464887271904.411
281464887271904.447
281464887271904.497
281464887271904.511
281464920842720.533
281464887271904.539
281464929235424.543
281464920842720.551
281464920842720.557
281464887271904.573
281464887271904.577
281464887271904.595
281464887271904.613
281464887271904.665
281464887271904.703
281464887271904.749
281464887271904.753
281464887271904.763
281464887271904.773
281464887271904.787
281464887271904.791
281465529012704.835
281465529012704.897
281465529012704.909
281465529012704.953
281464887271904.963
281464929235424.995
281464920842720.1007
281464887271904.1065
281464887271904.1069
281464887271904.1073
281465000534496.1079
281464887271904.1091
281464887271904.1095
281464887271904.1115
281464887271904.1119
281464887271904.1123
281464887271904.1129
281464887271904.1147
281464887271904.1157
281464887271904.1165
281464887271904.1169
281464929235424.1195
281464887271904.1211
281464887271904.1215
281464887271904.1225
281464887271904.1235
281464887271904.1249
281464887271904.1255
281465034105312.1311
281464887271904.1329
281464887271904.1339
281464887271904.1347
281464946020832.1385
281464887271904.1419
281464937628128.1463
281464887271904.1499
281464887271904.1535
281464920842720.1559
281464929235424.1573
281465570976224.1587
281465529012704.1591
281464887271904.1603
281464887271904.1677
281464887271904.1683
281464887271904.1695
281464887271904.1703
281464887271904.1711
281464999485920.1715
281464929235424.1749
281464887271904.1753
281464887271904.1763
281464887271904.1767
281464887271904.1779
281464929235424.1797
281464887271904.1805
281464887271904.1825
281464887271904.1829
281464920842720.1843
281464887271904.1859
281464887271904.1881
281464887271904.1885
281464895664608.1919
281464887271904.1923
281464887271904.1931
281464929235424.1947
281464887271904.1959
281464887271904.1963
281464887271904.1969
281465024664032.1975
281464887271904.1985
281464895664608.1993
281465041449440.1997
281464887271904.2015
281464887271904.2023
281464887271904.2029
281464887271904.2071
281465799553504.2075
281464887271904.2079
281464887271904.2097
281464887271904.2105
281464929235424.2117
281464920842720.2125
281464920842720.2155
281464887271904.2187
281464887271904.2191
281465529012704.2221
281464887271904.2235
281464887271904.2239
281464998437344.2249
281464920842720.2261
281464887271904.2271
281464887271904.2301
281465562583520.2335
281464887271904.2351
281464887271904.2359
281464887271904.2363
281464887271904.2367
281464887271904.2375
281464887271904.2395
281464887271904.2413
281464887271904.2427
281464887271904.2469
281464887271904.2473
281464912450016.2477
281464887271904.2483
281464887271904.2511
281464904057312.2521
281464887271904.2531
281464887271904.2555
281464895664608.2565
281464887271904.2569
281464887271904.2591
281464895664608.2659
281464887271904.2671
281464929235424.2673
281464887271904.2691
281464887271904.2715
281464887271904.2771
281464929235424.2783
281464887271904.2797
281464887271904.2807
281464887271904.2835
281464887271904.2839
281465529012704.2849
281464887271904.2857
281464878879200.2897
281464878879200.2907
281464878879200.2911
281464929235424.2933
281464878879200.2941
281464912450016.2997
281464878879200.3003
281464895664608.3031
281464878879200.3059
281464878879200.3069
281464878879200.3077
281464878879200.3087
281464878879200.3171
281464997388768.3177
281464920842720.3227
281464878879200.3243
281464878879200.3287
281464878879200.3333
281464878879200.3339
281464878879200.3343
281464878879200.3349
281464878879200.3355
281464878879200.3359
281464878879200.3375
281464878879200.3379
281464878879200.3381
281464878879200.3393
281464878879200.3401
281464878879200.3417
281464878879200.3421
281465153634784.3447
281464887271904.3453
281464887271904.3465
281464929235424.3493
281464887271904.3505
281464912450016.3509
281464887271904.3525
281464895664608.3601
281464920842720.3605
281464920842720.3625
281464887271904.3643
281464887271904.3651
281465037255136.3683
281464887271904.3695
281464887271904.3759
281464887271904.3805
281464887271904.3809
281464887271904.3823
281464887271904.3825
281464887271904.3829
281464904057312.3849
281464887271904.3853
281464912450016.3863
281464887271904.3869
281465020469728.3881
281464887271904.3899
281464887271904.3943
281464887271904.3981
281464920842720.3995
281464887271904.4013
281464887271904.4039
281465529012704.4075
281464887271904.4077
281464887271904.4083
281464887271904.4091
281464887271904.4117
281464887271904.4125
281464887271904.4133
281464887271904.4191
281464887271904.4195
281464887271904.4269
281464887271904.4283
281464887271904.4319
281464887271904.4363
281464887271904.4367
281464887271904.4377
281464887271904.4383
281464887271904.4399
281464887271904.4417
281464887271904.4423
281464887271904.4441
281464887271904.4447
281464887271904.4459
281464887271904.4463
281464887271904.4481
281464887271904.4491
281464887271904.4573
281464887271904.4581
281464887271904.4653
281464887271904.4659
281464886223328.4677
281464886223328.4687
281464886223328.4689
281464928186848.4713
281465008931296.4749
281464886223328.4789
281464886223328.4797
281464928186848.4807
281464919794144.4819
281464886223328.4859
281464894616032.4901
281464886223328.4929
281464886223328.4933
281464886223328.4941
281465017324000.4951
281464886223328.4969
281464886223328.4999
281464903008736.5015
281464886223328.5019
281464886223328.5035
281464886223328.5047
281464886223328.5061
281464886223328.5065
281464886223328.5069
281464886223328.5099
281464886223328.5107
281464886223328.5129
281464886223328.5157
281464886223328.5181
281464886223328.5185
281464886223328.5213
281464886223328.5243
281464886223328.5249
