281464962806240.8
281464887271904.77
281464887271904.105
281464887271904.147
281464887271904.265
281464887271904.271
281464887271904.275
281464929235424.295
281464887271904.305
281464962806240.317
281464887271904.329
281464887271904.339
281464887271904.359
281464887271904.367
281464929235424.373
281464887271904.377
281464887271904.385
281464887271904.399
281464887271904.405
281464887271904.415
281464887271904.423
281464887271904.453
281464887271904.459
281464946020832.465
281464887271904.471
281464887271904.475
281464937628128.479
281464895664608.491
281464887271904.521
281464929235424.565
281464962806240.571
281464887271904.585
281464887271904.591
281464887271904.609
281464887271904.623
281464887271904.631
281464887271904.643
281464887271904.673
281464895664608.683
281464937628128.687
281464887271904.699
281464887271904.719
281464887271904.727
281464887271904.731
281464887271904.743
281464962806240.759
281464887271904.767
281464887271904.781
281464887271904.807
281465529012704.811
281465529012704.851
281465562583520.861
281465529012704.913
281465529012704.929
281464887271904.977
281464887271904.991
281464887271904.1013
281464887271904.1023
281464887271904.1047
281464887271904.1053
281464887271904.1057
281464920842720.1087
281464895664608.1089
281464887271904.1151
281464887271904.1175
281464887271904.1185
281464920842720.1207
281464887271904.1209
281464887271904.1237
281464887271904.1265
281464920842720.1275
281464904057312.1305
281464937628128.1317
281464887271904.1335
281464887271904.1355
281464887271904.1363
281464887271904.1365
281464887271904.1437
281464887271904.1441
281464887271904.1473
281464895664608.1505
281464887271904.1539
281465529012704.1585
281464887271904.1593
281464887271904.1597
281464887271904.1601
281464887271904.1617
281464887271904.1621
281464929235424.1639
281464887271904.1645
281464887271904.1649
281464929235424.1661
281464887271904.1705
281464920842720.1785
281464887271904.1789
281464920842720.1795
281464887271904.1803
281464887271904.1807
281464887271904.1809
281464887271904.1813
281464887271904.1823
281464929235424.1831
281464904057312.1835
281464887271904.1849
281464887271904.1863
281464887271904.1887
281464887271904.1925
281464887271904.1935
281464887271904.1955
281464887271904.1979
281464887271904.2009
281464887271904.2013
281464887271904.2027
281464887271904.2085
281464887271904.2131
281464887271904.2159
281464887271904.2163
281464887271904.2167
281464887271904.2207
281464887271904.2211
281464887271904.2229
281464887271904.2233
281464895664608.2257
281464887271904.2265
281464887271904.2273
281464887271904.2291
281464887271904.2313
281464887271904.2381
281464929235424.2411
281464887271904.2419
281464887271904.2455
281464895664608.2461
281464929235424.2539
281464887271904.2571
281464887271904.2579
281464887271904.2593
281464887271904.2597
281464895664608.2645
281464887271904.2689
281464887271904.2713
281464887271904.2717
281464887271904.2741
281464887271904.2765
281464887271904.2789
281464887271904.2795
281464887271904.2799
281464887271904.2803
281465529012704.2847
281464887271904.2855
281464878879200.2869
281464912450016.2875
281464878879200.2895
281464878879200.2921
281464937628128.2939
281464912450016.2965
281464878879200.2987
281464878879200.3037
281464878879200.3041
281464878879200.3049
281464878879200.3075
281464878879200.3079
281464878879200.3105
281464878879200.3113
281464878879200.3117
281464878879200.3121
281464878879200.3131
281464878879200.3159
281464878879200.3163
281464878879200.3169
281464878879200.3173
281464920842720.3237
281464878879200.3251
281464878879200.3263
281464878879200.3297
281464878879200.3305
281464878879200.3309
281464878879200.3313
281464878879200.3337
281464878879200.3345
281464878879200.3365
281464878879200.3369
281464878879200.3425
281464887271904.3469
281464887271904.3581
281464887271904.3597
281464887271904.3603
281464887271904.3629
281464887271904.3685
281464887271904.3689
281464887271904.3697
281464887271904.3733
281464887271904.3737
281464887271904.3813
281464887271904.3817
281465020469728.3827
281464887271904.3831
281464887271904.3947
281464887271904.3951
281464912450016.3955
281464887271904.4023
281464887271904.4029
281464929235424.4033
281465028862432.4057
281464887271904.4063
281464887271904.4101
281464929235424.4137
281464887271904.4143
281464887271904.4153
281464887271904.4187
281464887271904.4201
281464887271904.4207
281464887271904.4225
281464887271904.4229
281465026765280.4233
281464887271904.4243
281464887271904.4273
281464929235424.4277
281464887271904.4331
281464887271904.4337
281464920842720.4349
281464887271904.4385
281464887271904.4443
281464887271904.4469
281464887271904.4475
281464887271904.4479
281464887271904.4503
281464887271904.4511
281464887271904.4515
281464920842720.4553
281464887271904.4583
281464887271904.4587
281464887271904.4591
281464887271904.4603
281464887271904.4619
281465529012704.4673
281464886223328.4683
281464886223328.4695
281464886223328.4699
281465034109408.4707
281464886223328.4715
281464886223328.4719
281464886223328.4801
281464886223328.4811
281464928186848.4829
281464944972256.4845
281464886223328.4855
281464886223328.4861
281464886223328.4865
281464886223328.4935
281464886223328.4947
281464886223328.4955
281464928186848.4967
281464886223328.4995
281464886223328.5017
281464886223328.5041
281464886223328.5067
281464928186848.5139
281464928186848.5163
281464886223328.5187
281464886223328.5205
281464886223328.5209
281464886223328.5219
281464886223328.5245
