281464887271904.61
281464887271904.81
281464887271904.91
281464887271904.107
281464887271904.129
281464887271904.143
281464887271904.155
281465153634784.205
281464887271904.225
281464962806240.229
281464887271904.241
281464887271904.245
281464887271904.289
281464895664608.303
281464895664608.307
281464937628128.311
281464887271904.387
281464887271904.441
281464887271904.451
281464895664608.461
281464929235424.495
281464962806240.527
281464937628128.531
281464929235424.541
281464920842720.549
281464887271904.553
281464887271904.583
281464887271904.607
281464887271904.627
281464929235424.641
281464887271904.649
281464920842720.675
281464887271904.679
281464887271904.709
281464887271904.733
281464887271904.739
281464887271904.755
281464887271904.779
281464887271904.795
281464887271904.801
281465562583520.809
281465562583520.815
281465529012704.825
281465529012704.833
281465529012704.883
281465529012704.915
281464887271904.961
281464887271904.965
281464887271904.973
281464929235424.993
281464887271904.999
281464887271904.1009
281464887271904.1021
281464887271904.1027
281464912450016.1035
281464937628128.1043
281464887271904.1135
281464929235424.1139
281464887271904.1145
281464887271904.1155
281464887271904.1159
281464887271904.1173
281464887271904.1193
281464887271904.1227
281464887271904.1231
281465042498016.1241
281465008927200.1245
281464887271904.1257
281464887271904.1261
281464946020832.1309
281464887271904.1325
281464887271904.1341
281465570976224.1357
281464887271904.1369
281464895664608.1373
281464887271904.1379
281464887271904.1387
281464887271904.1391
281464887271904.1399
281464887271904.1413
281464887271904.1417
281464887271904.1423
281464887271904.1435
281464887271904.1457
281464887271904.1467
281464895664608.1471
281464887271904.1523
281464929235424.1529
281464887271904.1557
281464887271904.1561
281464887271904.1565
281465529012704.1589
281464887271904.1595
281464887271904.1609
281464887271904.1613
281464887271904.1633
281464887271904.1637
281464887271904.1651
281464887271904.1655
281464887271904.1659
281464887271904.1681
281464887271904.1685
281464887271904.1707
281464887271904.1735
281464887271904.1737
281464946020832.1743
281464887271904.1747
281464887271904.1815
281464887271904.1837
281464937628128.1841
281464887271904.1847
281464887271904.1851
281464887271904.1855
281464887271904.1973
281464887271904.1983
281464887271904.1989
281464920842720.2035
281464920842720.2077
281464887271904.2081
281464887271904.2087
281464887271904.2099
281464887271904.2111
281464887271904.2115
281464887271904.2141
281464999485920.2151
281464887271904.2171
281464887271904.2175
281464929235424.2215
281465562583520.2217
281464887271904.2299
281464887271904.2305
281464887271904.2309
281464887271904.2327
281464887271904.2339
281464929235424.2387
281464887271904.2417
281464887271904.2423
281464887271904.2463
281464895664608.2467
281464887271904.2489
281464887271904.2523
281464887271904.2527
281464887271904.2533
281464887271904.2561
281464887271904.2599
281464904057312.2653
281464887271904.2657
281464887271904.2667
281464887271904.2677
281464937628128.2693
281464887271904.2701
281464887271904.2711
281464887271904.2739
281464887271904.2743
281464887271904.2763
281464887271904.2781
281464887271904.2785
281464887271904.2823
281464887271904.2827
281465529012704.2843
281464920842720.2859
281464878879200.2873
281464878879200.2889
281464878879200.2909
281464878879200.2923
281464878879200.2927
281464878879200.2935
281464912450016.2961
281464878879200.2969
281464878879200.2985
281464920842720.2993
281464878879200.3025
281464878879200.3033
281464878879200.3043
281464878879200.3093
281464878879200.3101
281464878879200.3133
281464878879200.3165
281464878879200.3175
281464878879200.3191
281464878879200.3195
281464878879200.3199
281464878879200.3225
281464920842720.3245
281464878879200.3267
281464878879200.3275
281464878879200.3283
281464878879200.3285
281464878879200.3289
281464920842720.3293
281464878879200.3303
281464878879200.3323
281464878879200.3327
281464878879200.3377
281464878879200.3395
281464878879200.3399
281464878879200.3403
281464878879200.3405
281464878879200.3435
281465153634784.3441
281464887271904.3457
281464887271904.3461
281464887271904.3471
281464920842720.3481
281464929235424.3495
281464904057312.3503
281464887271904.3527
281464937628128.3535
281464887271904.3537
281464904057312.3621
281464887271904.3627
281464887271904.3713
281464887271904.3721
281464887271904.3725
281464887271904.3739
281464887271904.3755
281464887271904.3761
281464920842720.3789
281464895664608.3795
281464887271904.3833
281464887271904.3855
281464887271904.3875
281464887271904.3879
281464887271904.3903
281464887271904.3911
281464887271904.3973
281464895664608.3987
281464887271904.3999
281464887271904.4007
281464887271904.4019
281464887271904.4035
281464887271904.4053
281464887271904.4099
281464887271904.4121
281464929235424.4139
281464887271904.4149
281464993194464.4157
281464887271904.4161
281464887271904.4171
281464887271904.4183
281464920842720.4193
281464887271904.4205
281464887271904.4271
281464887271904.4279
281464887271904.4285
281464887271904.4289
281464887271904.4329
281464887271904.4353
281464887271904.4371
281464887271904.4387
281464920842720.4389
281464887271904.4461
281464887271904.4505
281464887271904.4547
281464887271904.4571
281465562583520.4613
281465529012704.4665
281465529012704.4669
281464886223328.4703
281465008931296.4733
281464886223328.4747
281464936579552.4757
281464886223328.4791
281464886223328.4805
281464886223328.4871
281464919794144.4883
281464894616032.4893
281464886223328.4907
281464886223328.4963
281464886223328.4971
281464928186848.4975
281464928186848.4989
281464886223328.4993
281464886223328.4997
281464886223328.5023
281464911401440.5037
281464894616032.5079
281464886223328.5095
281464886223328.5101
281464886223328.5121
281464886223328.5145
281464886223328.5149
281464886223328.5153
281464886223328.5173
281464886223328.5177
281464886223328.5189
281464886223328.5207
281464886223328.5211
281464886223328.5225
281464886223328.5241
281464886223328.5271
