281465136849376.6
281465136849376.10
281464962806240.31
281464920842720.47
281464887271904.215
281464887271904.219
281464920842720.269
281464929235424.279
281464929235424.323
281464912450016.333
281464962806240.337
281464887271904.341
281464887271904.355
281464887271904.383
281464887271904.393
281464895664608.401
281464887271904.455
281464887271904.463
281464887271904.467
281464887271904.483
281464887271904.513
281464887271904.517
281464887271904.545
281464887271904.561
281464887271904.575
281464887271904.581
281464887271904.587
281464962806240.593
281464887271904.597
281464887271904.601
281464920842720.621
281464887271904.625
281464887271904.667
281464887271904.685
281464929235424.705
281464904057312.715
281464887271904.725
281464887271904.729
281464887271904.747
281464887271904.769
281465554190816.789
281465529012704.841
281465529012704.845
281465529012704.873
281465529012704.877
281465816330720.881
281465529012704.901
281466785350112.923
281465529012704.937
281465529012704.941
281465529012704.945
281464887271904.971
281464887271904.981
281464887271904.985
281464887271904.989
281464920842720.1015
281464887271904.1075
281464887271904.1081
281464887271904.1085
281464895664608.1099
281464887271904.1111
281464887271904.1125
281464887271904.1143
281464887271904.1167
281464887271904.1171
281464887271904.1181
281464887271904.1197
281464887271904.1219
281464887271904.1229
281464887271904.1233
281464904057312.1259
281464887271904.1279
281464887271904.1297
281464887271904.1301
281464895664608.1313
281464887271904.1323
281464887271904.1327
281464887271904.1331
281464929235424.1361
281464920842720.1445
281464887271904.1459
281464887271904.1521
281465008927200.1563
281464920842720.1567
281464887271904.1579
281465529012704.1583
281464887271904.1731
281464887271904.1741
281464887271904.1745
281464920842720.1761
281464887271904.1765
281464920842720.1771
281464887271904.1827
281464887271904.1865
281464887271904.1921
281464887271904.1929
281464887271904.1945
281464887271904.1953
281464887271904.1957
281464887271904.1961
281464887271904.1967
281464887271904.1971
281464887271904.1999
281464887271904.2025
281464887271904.2031
281464887271904.2061
281464887271904.2067
281464920842720.2073
281464904057312.2189
281464887271904.2263
281465006830048.2323
281464887271904.2333
281464887271904.2349
281464929235424.2369
281464887271904.2391
281464887271904.2415
281464887271904.2421
281464887271904.2431
281464887271904.2437
281464887271904.2457
281464887271904.2465
281464929235424.2481
281465570976224.2493
281464887271904.2497
281464887271904.2507
281464887271904.2517
281464929235424.2529
281464887271904.2557
281464887271904.2573
281464887271904.2577
281464887271904.2617
281464920842720.2623
281464887271904.2625
281464887271904.2641
281464887271904.2649
281464887271904.2655
281464887271904.2705
281464912450016.2805
281464887271904.2811
281464887271904.2821
281464887271904.2829
281464887271904.2833
281464887271904.2837
281464887271904.2853
281464887271904.2861
281464878879200.2867
281464878879200.2871
281464878879200.2913
281464878879200.2917
281464878879200.2929
281464878879200.2943
281464887271904.2947
281465039352288.2963
281464878879200.3005
281464878879200.3035
281464878879200.3081
281464878879200.3085
281464878879200.3097
281464878879200.3109
281464878879200.3115
281464878879200.3123
281464878879200.3127
281464878879200.3155
281464878879200.3179
281464878879200.3247
281464878879200.3253
281464878879200.3257
281464878879200.3271
281464878879200.3291
281464920842720.3295
281464878879200.3319
281464878879200.3325
281464878879200.3329
281464878879200.3341
281464878879200.3361
281464878879200.3373
281464878879200.3385
281464878879200.3389
281464878879200.3409
281465153634784.3451
281464887271904.3467
281464887271904.3475
281464887271904.3485
281465554190816.3491
281464887271904.3497
281464887271904.3507
281464887271904.3529
281464887271904.3541
281464895664608.3545
281464904057312.3637
281464887271904.3647
281464887271904.3655
281464887271904.3671
281464887271904.3677
281464887271904.3707
281464887271904.3711
281464887271904.3717
281464904057312.3727
281464887271904.3729
281464887271904.3735
281464887271904.3791
281464887271904.3803
281464887271904.3861
281464887271904.3873
281464887271904.3877
281464887271904.3905
281464887271904.3915
281464887271904.3933
281464887271904.3937
281464887271904.3949
281464887271904.3953
281464887271904.3969
281464887271904.3975
281464887271904.3991
281464887271904.3993
281464887271904.4011
281464904057312.4021
281464895664608.4041
281464887271904.4059
281464887271904.4079
281464887271904.4093
281464887271904.4097
281464887271904.4145
281464887271904.4163
281464887271904.4167
281464887271904.4213
281464887271904.4223
281464887271904.4239
281464887271904.4291
281464887271904.4305
281464887271904.4313
281464887271904.4321
281464887271904.4327
281464887271904.4335
281464887271904.4357
281464887271904.4375
281464887271904.4439
281464887271904.4445
281464887271904.4451
281464887271904.4473
281464887271904.4483
281464887271904.4495
281464887271904.4577
281464887271904.4595
281464887271904.4601
281464887271904.4605
281464887271904.4621
281464887271904.4625
281464887271904.4657
281464887271904.4661
281465529012704.4667
281464886223328.4681
281464886223328.4685
281464886223328.4691
281464886223328.4711
281464886223328.4737
281464886223328.4741
281464886223328.4787
281464886223328.4793
281464886223328.4827
281464886223328.4853
281464886223328.4875
281464886223328.4891
281464886223328.4895
281464886223328.4899
281464886223328.4903
281465017324000.4905
281465000538592.4937
281464886223328.4949
281465799553504.4959
281464886223328.5033
281464886223328.5125
281464894616032.5131
281464886223328.5133
281464886223328.5137
281465529012704.5253
281465562583520.5257
281464886223328.5265
281464886223328.5269
281464886223328.5275
