281464962806240.12
281464962806240.33
281464887271904.49
281464887271904.55
281464887271904.89
281464887271904.97
281464887271904.109
281464887271904.115
281464887271904.121
281464887271904.159
281464929235424.207
281464887271904.251
281464929235424.255
281464920842720.261
281464887271904.283
281464929235424.321
281464887271904.327
281464929235424.343
281464887271904.357
281464887271904.365
281464887271904.379
281464887271904.427
281464887271904.435
281464887271904.477
281464920842720.481
281465562583520.493
281464895664608.535
281464887271904.547
281464937628128.555
281464887271904.579
281464887271904.605
281464887271904.615
281464887271904.633
281464887271904.655
281464887271904.677
281465153634784.691
281464887271904.695
281464895664608.735
281464937628128.751
281464887271904.775
281464887271904.785
281464887271904.799
281465529012704.831
281465529012704.839
281465529012704.843
281465529012704.853
281465529012704.905
281465529012704.911
281465529012704.925
281464887271904.957
281464895664608.997
281464887271904.1039
281464887271904.1041
281464887271904.1051
281464887271904.1061
281464887271904.1071
281464887271904.1097
281464887271904.1105
281464887271904.1113
281464887271904.1127
281464887271904.1131
281464887271904.1149
281464920842720.1179
281464887271904.1183
281464887271904.1191
281464887271904.1201
281464887271904.1205
281464887271904.1221
281464887271904.1263
281464887271904.1307
281464887271904.1381
281464887271904.1427
281465570976224.1433
281464920842720.1439
281465570976224.1443
281464895664608.1447
281464887271904.1449
281464895664608.1453
281464887271904.1477
281464887271904.1481
281464887271904.1497
281464887271904.1527
281464887271904.1533
281464887271904.1543
281464887271904.1569
281464887271904.1599
281464887271904.1657
281464887271904.1709
281464887271904.1719
281464887271904.1723
281464887271904.1727
281464929235424.1733
281464929235424.1751
281464887271904.1759
281464887271904.1783
281464887271904.1787
281464887271904.1799
281464920842720.1817
281464887271904.1857
281464887271904.1861
281464887271904.1883
281464887271904.1891
281464887271904.1917
281464887271904.1951
281464887271904.1991
281464887271904.2069
281464887271904.2083
281464887271904.2089
281464887271904.2095
281464887271904.2101
281464887271904.2107
281464887271904.2113
281464887271904.2129
281464887271904.2133
281464887271904.2137
281464887271904.2179
281464920842720.2199
281464887271904.2203
281464887271904.2231
281464887271904.2237
281464887271904.2245
281464946020832.2253
281464887271904.2259
281464929235424.2267
281464887271904.2325
281464887271904.2353
281464887271904.2357
281464887271904.2373
281464887271904.2377
281464887271904.2385
281464887271904.2389
281464887271904.2393
281464887271904.2429
281464887271904.2451
281464929235424.2487
281464887271904.2505
281464887271904.2509
281464887271904.2513
281464887271904.2537
281464887271904.2553
281464887271904.2583
281464929235424.2627
281464887271904.2631
281464887271904.2635
281464887271904.2643
281464887271904.2647
281465570976224.2651
281464887271904.2663
281465040400864.2669
281464887271904.2681
281464929235424.2697
281464887271904.2733
281464887271904.2761
281464887271904.2801
281464929235424.2809
281464887271904.2817
281465529012704.2851
281464887271904.2863
281464878879200.2865
281464878879200.2885
281464878879200.2903
281464904057312.2945
281464878879200.2989
281464878879200.3001
281464878879200.3007
281465039352288.3023
281464878879200.3039
281464887271904.3071
281464878879200.3089
281464878879200.3095
281464878879200.3099
281464878879200.3107
281464912450016.3119
281464878879200.3125
281464878879200.3129
281464878879200.3139
281464878879200.3157
281464878879200.3161
281464878879200.3189
281464912450016.3193
281464878879200.3241
281464878879200.3259
281464878879200.3265
281464878879200.3269
281464878879200.3277
281464878879200.3281
281464878879200.3315
281464878879200.3331
281464878879200.3347
281464920842720.3351
281464887271904.3363
281464878879200.3371
281464878879200.3391
281464878879200.3397
281464878879200.3415
281464878879200.3429
281464878879200.3433
281465153634784.3445
281465554190816.3449
281464887271904.3463
281464887271904.3479
281464887271904.3499
281464887271904.3501
281464887271904.3561
281464887271904.3571
281464895664608.3573
281464887271904.3577
281464887271904.3583
281464887271904.3585
281464887271904.3589
281464887271904.3599
281464887271904.3607
281464929235424.3635
281464887271904.3639
281464887271904.3645
281464887271904.3669
281464920842720.3673
281464887271904.3681
281464887271904.3687
281464887271904.3731
281464929235424.3807
281464887271904.3811
281464920842720.3821
281464887271904.3871
281464887271904.3901
281464887271904.3907
281464887271904.3939
281464887271904.3985
281464929235424.3989
281464920842720.4003
281465570976224.4017
281464887271904.4027
281464887271904.4031
281464887271904.4051
281464887271904.4087
281464920842720.4105
281464887271904.4113
281464887271904.4119
281464887271904.4131
281464887271904.4135
281464887271904.4241
281464887271904.4311
281464887271904.4315
281464887271904.4325
281464887271904.4343
281464887271904.4365
281464946020832.4395
281464887271904.4477
281464887271904.4487
281464887271904.4549
281464887271904.4615
281464887271904.4617
281464887271904.4655
281464929235424.4663
281464886223328.4693
281464886223328.4697
281464886223328.4725
281464886223328.4729
281464886223328.4739
281464886223328.4785
281464886223328.4803
281464886223328.4821
281464886223328.4825
281464928186848.4847
281464919794144.4867
281464886223328.4887
281464886223328.4897
281464886223328.4911
281464919794144.4931
281464886223328.4939
281464886223328.4957
281464886223328.4961
281464928186848.4965
281464886223328.5039
281464886223328.5045
281464886223328.5081
281464886223328.5089
281464886223328.5093
281464886223328.5105
281464886223328.5123
281464919794144.5127
281464886223328.5143
281464886223328.5161
281464886223328.5165
281465562583520.5261
