281464962806240.20
281464895664608.45
281464920842720.59
281464887271904.83
281464887271904.113
281464887271904.133
281464887271904.201
281464887271904.211
281464887271904.237
281464887271904.247
281464887271904.257
281464887271904.273
281464887271904.325
281464887271904.331
281464887271904.347
281464887271904.361
281464887271904.397
281464887271904.409
281464887271904.419
281464887271904.437
281464887271904.439
281464887271904.445
281464887271904.449
281464920842720.457
281465153634784.487
281465554190816.489
281465153634784.515
281464887271904.525
281464887271904.537
281464904057312.569
281464887271904.619
281464887271904.629
281464887271904.659
281465554190816.663
281464887271904.671
281464887271904.681
281464887271904.693
281464887271904.697
281464887271904.701
281464904057312.721
281464929235424.737
281464887271904.741
281464920842720.745
281464887271904.757
281464887271904.805
281465529012704.821
281465529012704.829
281465529012704.837
281465529012704.863
281465529012704.869
281465545798112.891
281465562583520.907
281465529012704.935
281465529012704.939
281465529012704.949
281464887271904.969
281464887271904.1005
281464920842720.1011
281464929235424.1017
281464887271904.1029
281464920842720.1109
281464887271904.1117
281464887271904.1121
281464929235424.1137
281465000534496.1163
281464887271904.1177
281464887271904.1243
281464887271904.1273
281464887271904.1277
281464887271904.1293
281464904057312.1299
281464887271904.1303
281464887271904.1319
281464929235424.1333
281464887271904.1343
281465562583520.1353
281464887271904.1389
281464887271904.1395
281465008927200.1465
281464946020832.1479
281464887271904.1483
281464887271904.1491
281464887271904.1495
281464887271904.1503
281464887271904.1507
281464887271904.1525
281464887271904.1605
281464887271904.1623
281464887271904.1627
281464887271904.1631
281464887271904.1663
281464887271904.1689
281464887271904.1713
281464920842720.1717
281464887271904.1725
281464887271904.1755
281464887271904.1775
281464887271904.1811
281464887271904.1833
281464887271904.1845
281464887271904.1905
281464887271904.1909
281464887271904.1927
281464887271904.1937
281464887271904.1943
281464887271904.1949
281464887271904.1977
281464887271904.1995
281464887271904.2001
281464887271904.2011
281464887271904.2021
281464887271904.2033
281464887271904.2063
281464887271904.2091
281464887271904.2109
281464887271904.2119
281464887271904.2123
281464887271904.2135
281464929235424.2139
281464887271904.2143
281464887271904.2147
281464887271904.2153
281464887271904.2165
281465529012704.2225
281464887271904.2247
281464887271904.2255
281464887271904.2269
281464937628128.2295
281464887271904.2311
281464887271904.2319
281464887271904.2331
281464929235424.2343
281464887271904.2347
281464887271904.2355
281464887271904.2365
281464887271904.2435
281464895664608.2443
281464887271904.2447
281464887271904.2453
281464887271904.2459
281464887271904.2479
281464887271904.2495
281464887271904.2499
281464920842720.2503
281464895664608.2535
281464887271904.2563
281464887271904.2639
281464887271904.2679
281464929235424.2683
281464887271904.2687
281464887271904.2707
281464887271904.2709
281464887271904.2737
281464887271904.2759
281464887271904.2767
281464887271904.2775
281464895664608.2779
281464887271904.2791
281464878879200.2879
281464878879200.2883
281464878879200.2899
281464878879200.2901
281464878879200.2919
281464878879200.2925
281464878879200.2967
281464878879200.2971
281464878879200.2991
281464878879200.2995
281464878879200.3021
281464878879200.3027
281464878879200.3045
281464878879200.3051
281464878879200.3063
281464878879200.3091
281464878879200.3103
281464878879200.3135
281464878879200.3167
281464878879200.3181
281464878879200.3185
281464878879200.3229
281464878879200.3233
281464878879200.3239
281464878879200.3301
281464878879200.3307
281464878879200.3311
281464878879200.3407
281464878879200.3413
281464912450016.3437
281465153634784.3443
281464887271904.3489
281464887271904.3539
281464887271904.3567
281464887271904.3587
281464887271904.3591
281464887271904.3595
281464895664608.3623
281465020469728.3693
281464887271904.3705
281464887271904.3709
281464887271904.3753
281464887271904.3815
281464920842720.3819
281464887271904.3859
281464887271904.3867
281464887271904.3883
281464887271904.3897
281464887271904.3909
281464887271904.3941
281464887271904.3971
281464887271904.3997
281464887271904.4001
281464929235424.4005
281464887271904.4045
281464895664608.4049
281465529012704.4065
281465529012704.4073
281464887271904.4095
281464937628128.4107
281464887271904.4111
281464887271904.4129
281464887271904.4147
281464887271904.4165
281464887271904.4175
281464887271904.4179
281464887271904.4189
281464887271904.4199
281464937628128.4211
281464887271904.4215
281465001587168.4219
281464887271904.4237
281464887271904.4281
281464887271904.4341
281464887271904.4345
281464887271904.4351
281464929235424.4361
281464887271904.4369
281464920842720.4373
281464887271904.4379
281464887271904.4437
281464887271904.4449
281464887271904.4457
281464887271904.4499
281464887271904.4507
281464887271904.4513
281464887271904.4517
281464887271904.4589
281464887271904.4623
281464886223328.4701
281465000538592.4709
281464936579552.4717
281464928186848.4723
281464936579552.4727
281464886223328.4731
281464886223328.4743
281464886223328.4753
281464886223328.4799
281464886223328.4815
281464886223328.4823
281464928186848.4851
281464886223328.4869
281464886223328.4873
281464886223328.4877
281464886223328.4885
281464886223328.4915
281464886223328.4945
281464886223328.4953
281464886223328.5021
281464886223328.5071
281464886223328.5083
281464928186848.5091
281464886223328.5135
281464886223328.5179
281464886223328.5247
281465537405408.5255
281464886223328.5267
