281465240637920.20
281465094918624.79
281465094918624.93
281465103311328.111
281465094918624.133
281465094918624.155
281465094918624.203
281465207067104.207
281465094918624.225
281465094918624.235
281465094918624.239
281465094918624.249
281465094918624.271
281465094918624.275
281465094918624.279
281465240637920.299
281465111704032.303
281465094918624.321
281465094918624.325
281465094918624.329
281465094918624.353
281465094918624.355
281465094918624.385
281465094918624.407
281465094918624.411
281465094918624.439
281465094918624.443
281465094918624.463
281465094918624.485
281465094918624.487
281465103311328.497
281465094918624.501
281465094918624.521
281465094918624.531
281465094918624.547
281465094918624.551
281465094918624.557
281465198674400.573
281465094918624.591
281465403187680.599
281465094918624.603
281465094918624.619
281465094918624.637
281465094918624.645
281465094918624.651
281465094918624.687
281465094918624.697
281465411580384.721
281465094918624.733
281465094918624.749
281465094918624.779
281465094918624.783
281465419973088.857
281465419973088.903
281465419973088.909
281465556287968.939
281465539502560.979
281465095975392.987
281465095975392.1067
281465095975392.1101
281465308770784.1147
281465095975392.1151
281465291985376.1159
281465095975392.1163
281465095975392.1211
281465095975392.1215
281465095975392.1225
281465095975392.1237
281465095975392.1271
281465207075296.1275
281465095975392.1279
281465095975392.1289
281465095975392.1295
281465291985376.1319
281465095975392.1325
281465095975392.1335
281465095975392.1351
281465095975392.1367
281465095975392.1371
281465095975392.1397
281465367519712.1405
281465095975392.1503
281465095975392.1523
281465095975392.1535
281465095975392.1539
281465539502560.1587
281465087582688.1593
281465087582688.1599
281465087582688.1603
281465079189984.1605
281465079189984.1613
281465079189984.1671
281465079189984.1745
281465210216928.1793
281465079189984.1813
281465079189984.1833
281465079189984.1887
281465079189984.1891
281465087582688.1917
281465079189984.1923
281465079189984.1931
281465079189984.1969
281465079189984.1987
281465079189984.1991
281465201824224.2013
281465079189984.2017
281465555239392.2049
281465341293024.2055
281465079189984.2069
281465079189984.2077
281465079189984.2089
281465079189984.2141
281465201824224.2181
281465079189984.2195
281465094926816.2337
281465094926816.2341
281465094926816.2351
281465094926816.2371
281465094926816.2407
281465094926816.2415
281465094926816.2435
281465094926816.2441
281465094926816.2457
281465094926816.2473
281465094926816.2477
281465094926816.2491
281465094926816.2495
281465094926816.2505
281465094926816.2509
281465094926816.2529
281465094926816.2555
281465094926816.2567
281465094926816.2571
281465094926816.2581
281465094926816.2585
281465094926816.2625
281465094926816.2629
281465298280928.2645
281465193443808.2663
281465094926816.2681
281465094926816.2697
281465094926816.2709
281465094926816.2713
281465094926816.2717
281465555239392.2721
281465094926816.2739
281465094926816.2749
281465094926816.2753
281465306673632.2777
281465094926816.2793
281465094926816.2801
281465094926816.2805
281465094926816.2809
281465094926816.2835
281465086534112.2875
281465086534112.2881
281465086534112.2887
281465210216928.2893
281465086534112.2901
281465086534112.2945
281465086534112.2957
281465086534112.2969
281465201824224.2975
281465086534112.2979
281465086534112.2983
281465338147296.2989
281465086534112.2993
281465086534112.3005
281465086534112.3063
281465086534112.3083
281465086534112.3093
281465086534112.3099
281465086534112.3139
281465201824224.3167
281465218609632.3173
281465086534112.3177
281465338147296.3185
281465086534112.3195
281465210216928.3229
281465086534112.3235
281465086534112.3239
281465086534112.3253
281465086534112.3281
281465086534112.3289
281465086534112.3339
281465094926816.3343
281465086534112.3361
281465346540000.3383
281465346540000.3389
281465201824224.3407
281465086534112.3423
281465086534112.3447
281465086534112.3473
281465094926816.3495
281465094926816.3511
281465285693920.3517
281465094926816.3521
281465094926816.3525
281465294086624.3557
281465094926816.3563
281465094926816.3581
281465094926816.3589
281465094926816.3603
281465094926816.3607
281465094926816.3611
281465094926816.3615
281465094926816.3621
281465094926816.3627
281465539502560.3649
281465294086624.3653
281465094926816.3701
281465094926816.3707
281465094926816.3721
281465094926816.3727
281465094926816.3737
281465094926816.3759
281465094926816.3783
281465094926816.3795
281465285693920.3815
281465094926816.3845
281465094926816.3911
281465094926816.3923
281465094926816.4021
281465294086624.4025
281465094926816.4057
281465094926816.4099
281465419973088.4103
281465086534112.4115
281465201824224.4145
281465086534112.4157
281465086534112.4199
281465086534112.4233
281465086534112.4239
281465086534112.4243
281465094926816.4245
281465210216928.4299
281465086534112.4303
281465201824224.4331
281465086534112.4335
281465078141408.4377
281465078141408.4385
281465078141408.4415
281465078141408.4421
281465078141408.4445
281465078141408.4459
281465078141408.4465
281465201824224.4493
281465078141408.4547
281465078141408.4611
281465318216160.4681
281465078141408.4691
281465093878240.4743
281465093878240.4763
281465093878240.4767
281465093878240.4771
281465093878240.4775
281465093878240.4787
281465093878240.4809
281465275204064.4813
281465291989472.4817
281465093878240.4841
281465275204064.4845
281465093878240.4861
281465093878240.4867
281465093878240.4873
281465201832416.4885
281465093878240.4891
281465093878240.4913
281465093878240.4931
281465093878240.4939
281465333952992.4965
281465333952992.4973
281465093878240.5003
281465093878240.5033
281465201832416.5079
281465093878240.5083
281465093878240.5125
281465093878240.5129
281465093878240.5151
281465283596768.5157
281465093878240.5167
281465201832416.5197
281465291989472.5201
281465291989472.5219
281465093878240.5239
281465093878240.5261
281465093878240.5301
281465093878240.5319
281465539502560.5327
