281465240637920.8
281465240637920.16
281465240637920.31
281465094918624.43
281465094918624.47
281465094918624.87
281465094918624.115
281465094918624.149
281465094918624.215
281465198674400.219
281465103311328.243
281465436758496.261
281465094918624.273
281465094918624.285
281465436758496.289
281465094918624.305
281465094918624.341
281465361224160.367
281465094918624.383
281465094918624.563
281465094918624.567
281465094918624.571
281465094918624.601
281465223852512.605
281465094918624.623
281465094918624.627
281465094918624.631
281465207067104.639
281465103311328.643
281465094918624.647
281465094918624.655
281465094918624.683
281465094918624.691
281465094918624.717
281465361224160.737
281465094918624.747
281465094918624.755
281465094918624.759
281465207067104.801
281465094918624.805
281465539502560.861
281465419973088.879
281465419973088.885
281465539502560.891
281465436758496.897
281465428365792.915
281465539502560.933
281465095975392.999
281465095975392.1009
281465095975392.1015
281465095975392.1043
281465095975392.1071
281465095975392.1075
281465095975392.1141
281465095975392.1175
281465095975392.1185
281465095975392.1195
281465095975392.1199
281465095975392.1209
281465300378080.1219
281465095975392.1241
281465333948896.1253
281465095975392.1257
281465095975392.1317
281465095975392.1323
281465095975392.1337
281465095975392.1343
281465291985376.1347
281465095975392.1409
281465095975392.1415
281465095975392.1419
281465275199968.1441
281465095975392.1445
281465342341600.1463
281465095975392.1467
281465095975392.1481
281465300378080.1525
281465095975392.1541
281465095975392.1553
281465095975392.1579
281465419973088.1591
281465087582688.1597
281465087582688.1601
281465079189984.1627
281465079189984.1633
281465079189984.1653
281465079189984.1665
281465079189984.1763
281465079189984.1775
281465079189984.1789
281465087582688.1807
281465079189984.1847
281465079189984.1855
281465079189984.1859
281465079189984.1881
281465079189984.1897
281465193431520.1901
281465079189984.1919
281465193431520.1941
281465079189984.1945
281465079189984.1989
281465193431520.2011
281465079189984.2021
281465079189984.2025
281465079189984.2031
281465079189984.2037
281465079189984.2067
281465079189984.2083
281465079189984.2087
281465079189984.2091
281465079189984.2103
281465079189984.2113
281465079189984.2117
281465201824224.2119
281465079189984.2125
281465079189984.2131
281465210216928.2153
281465079189984.2165
281465079189984.2179
281465094926816.2225
281465298280928.2281
281465094926816.2289
281465094926816.2293
281465094926816.2299
281465094926816.2331
281465298280928.2349
281465094926816.2397
281465273102816.2409
281465094926816.2437
281465094926816.2459
281465094926816.2467
281465094926816.2499
281465357029856.2507
281465094926816.2511
281465094926816.2515
281465094926816.2537
281465094926816.2541
281465094926816.2577
281465094926816.2587
281465094926816.2591
281465340244448.2595
281465094926816.2601
281465094926816.2615
281465094926816.2649
281465094926816.2653
281465094926816.2707
281465094926816.2723
281465273102816.2741
281465094926816.2769
281465094926816.2773
281465094926816.2819
281465094926816.2837
281465419973088.2843
281465419973088.2851
281465210216928.2871
281465086534112.2903
281465086534112.2923
281465201824224.2955
281465086534112.2971
281465086534112.2991
281465201824224.2999
281465086534112.3003
281465086534112.3007
281465086534112.3019
281465086534112.3039
281465086534112.3043
281465086534112.3075
281465086534112.3081
281465086534112.3103
281465086534112.3111
281465218609632.3135
281465201824224.3165
281465086534112.3183
281465094926816.3199
281465086534112.3217
281465086534112.3223
281465210216928.3255
281465086534112.3261
281465086534112.3265
281465086534112.3271
281465210216928.3275
281465547895264.3279
281465086534112.3297
281465086534112.3301
281465086534112.3315
281465201824224.3335
281465086534112.3355
281465086534112.3365
281465086534112.3387
281465086534112.3403
281465086534112.3411
281465086534112.3439
281465086534112.3443
281465086534112.3453
281465086534112.3457
281465086534112.3461
281465086534112.3465
281465086534112.3471
281465419973088.3479
281465094926816.3501
281465094926816.3541
281465210221024.3545
281465094926816.3549
281465094926816.3573
281465094926816.3585
281465094926816.3635
281465094926816.3639
281465094926816.3643
281465094926816.3645
281465094926816.3687
281465094926816.3699
281465094926816.3705
281465094926816.3717
281465094926816.3725
281465352835552.3733
281465094926816.3757
281465285693920.3763
281465094926816.3771
281465094926816.3789
281465094926816.3801
281465094926816.3813
281465094926816.3841
281465094926816.3863
281465094926816.3867
281465094926816.3871
281465094926816.3941
281465094926816.3969
281465094926816.3973
281465094926816.3977
281465094926816.3981
281465094926816.4027
281465094926816.4029
281465094926816.4077
281465094926816.4081
281465419973088.4101
281465419973088.4109
281465086534112.4143
281465201824224.4147
281465086534112.4161
281465086534112.4165
281465086534112.4223
281465210216928.4249
281465086534112.4253
281465086534112.4275
281465086534112.4347
281465078141408.4383
281465078141408.4417
281465078141408.4439
281465078141408.4449
281465078141408.4463
281465078141408.4467
281465546846688.4555
281465078141408.4641
281465078141408.4647
281465078141408.4667
281465086534112.4699
281465078141408.4707
281465419973088.4715
281465093878240.4745
281465325560288.4761
281465093878240.4765
281465201832416.4815
281465093878240.4833
281465093878240.4849
281465093878240.4855
281465093878240.4869
281465093878240.4877
281465093878240.4887
281465093878240.4935
281465093878240.4971
281465093878240.4977
281465093878240.4987
281465093878240.5011
281465093878240.5031
281465093878240.5037
281465283596768.5041
281465283596768.5047
281465093878240.5075
281465093878240.5113
281465093878240.5123
281465093878240.5155
281465093878240.5183
281465093878240.5195
281465093878240.5205
281465093878240.5223
281465093878240.5291
281465093878240.5295
281465093878240.5299
281465093878240.5307
281465093878240.5311
281465291989472.5321
