281465240637920.6
281465198674400.37
281465094918624.45
281465094918624.65
281465198674400.71
281465094918624.103
281465094918624.127
281465094918624.147
281465094918624.201
281465094918624.205
281465103311328.211
281465094918624.229
281465094918624.233
281465094918624.241
281465198674400.315
281465094918624.331
281465094918624.335
281465094918624.359
281465094918624.363
281465094918624.405
281465094918624.415
281465207067104.419
281465094918624.423
281465094918624.445
281465094918624.449
281465094918624.473
281465094918624.477
281465094918624.507
281465103311328.587
281465094918624.635
281465094918624.657
281465094918624.663
281465094918624.673
281465094918624.693
281465094918624.699
281465094918624.709
281465094918624.723
281465094918624.763
281465094918624.785
281465539502560.815
281465419973088.823
281465419973088.835
281465419973088.841
281465419973088.853
281465419973088.925
281465095975392.957
281465333948896.961
281465283592672.965
281465095975392.989
281465095975392.997
281465095975392.1001
281465095975392.1019
281465283592672.1029
281465095975392.1041
281465207075296.1045
281465300378080.1049
281465095975392.1059
281465291985376.1063
281465095975392.1079
281465095975392.1083
281465095975392.1107
281465095975392.1129
281465095975392.1169
281465095975392.1179
281465095975392.1191
281465291985376.1201
281465095975392.1231
281465095975392.1245
281465095975392.1281
281465095975392.1285
281465095975392.1305
281465342341600.1309
281465300378080.1339
281465095975392.1375
281465095975392.1381
281465095975392.1393
281465095975392.1403
281465095975392.1411
281465095975392.1413
281465300378080.1473
281465095975392.1479
281465095975392.1483
281465095975392.1497
281465095975392.1511
281465095975392.1527
281465291985376.1565
281465079189984.1607
281465079189984.1663
281465079189984.1725
281465079189984.1741
281465079189984.1749
281465079189984.1787
281465079189984.1819
281465079189984.1839
281465079189984.1843
281465087582688.1939
281465079189984.1957
281465079189984.1985
281465079189984.1995
281465079189984.1999
281465087582688.2005
281465079189984.2047
281465079189984.2053
281465079189984.2079
281465079189984.2115
281465193431520.2121
281465079189984.2161
281465079189984.2173
281465210216928.2199
281465079189984.2203
281465094926816.2217
281465298280928.2277
281465289888224.2313
281465094926816.2321
281465546846688.2325
281465094926816.2333
281465094926816.2355
281465094926816.2405
281465094926816.2443
281465094926816.2465
281465094926816.2483
281465094926816.2501
281465094926816.2547
281465193443808.2551
281465094926816.2559
281465094926816.2589
281465094926816.2603
281465094926816.2623
281465289888224.2627
281465094926816.2631
281465298280928.2641
281465555239392.2665
281465094926816.2675
281465315066336.2679
281465094926816.2731
281465094926816.2747
281465094926816.2755
281465094926816.2775
281465094926816.2815
281465094926816.2821
281465094926816.2831
281465419973088.2847
281465086534112.2867
281465086534112.2873
281465086534112.2877
281465086534112.2891
281465086534112.2897
281465086534112.2905
281465086534112.2911
281465086534112.2963
281465086534112.3011
281465086534112.3017
281465086534112.3037
281465086534112.3045
281465086534112.3055
281465086534112.3059
281465086534112.3069
281465086534112.3087
281465086534112.3097
281465086534112.3107
281465086534112.3133
281465086534112.3179
281465086534112.3187
281465086534112.3247
281465086534112.3267
281465086534112.3285
281465086534112.3293
281465201824224.3313
281465086534112.3317
281465086534112.3341
281465086534112.3347
281465201824224.3367
281465086534112.3381
281465086534112.3395
281465086534112.3415
281465086534112.3431
281465086534112.3437
281465086534112.3459
281465419973088.3485
281465094926816.3491
281465094926816.3505
281465094926816.3519
281465539502560.3523
281465094926816.3529
281465094926816.3567
281465094926816.3571
281465094926816.3575
281465094926816.3583
281465094926816.3613
281465094926816.3617
281465294086624.3623
281465344442848.3629
281465094926816.3637
281465094926816.3641
281465094926816.3647
281465094926816.3685
281465310872032.3689
281465094926816.3731
281465094926816.3767
281465285693920.3775
281465094926816.3777
281465094926816.3785
281465094926816.3803
281465294086624.3807
281465294086624.3811
281465094926816.3819
281465094926816.3823
281465310872032.3869
281465094926816.3899
281465294086624.3903
281465094926816.3907
281465094926816.3909
281465094926816.3913
281465094926816.3917
281465094926816.3933
281465094926816.3937
281465094926816.3979
281465094926816.3983
281465094926816.3987
281465094926816.4005
281465094926816.4017
281465094926816.4033
281465094926816.4037
281465094926816.4055
281465094926816.4061
281465285693920.4079
281465094926816.4083
281465419973088.4107
281465086534112.4113
281465086534112.4169
281465086534112.4197
281465094926816.4231
281465210216928.4295
281465086534112.4317
281465086534112.4321
281465086534112.4333
281465086534112.4337
281465086534112.4341
281465086534112.4345
281465201824224.4349
281465078141408.4367
281465078141408.4379
281465078141408.4389
281465078141408.4427
281465078141408.4451
281465193431520.4457
281465078141408.4487
281465201824224.4491
281465078141408.4495
281465078141408.4523
281465201824224.4585
281465078141408.4589
281465555239392.4605
281465193431520.4645
281465086534112.4651
281465078141408.4655
281465094926816.4659
281465078141408.4661
281465193431520.4671
281465078141408.4709
281465093878240.4737
281465093878240.4741
281465093878240.4777
281465093878240.4789
281465093878240.4835
281465093878240.4839
281465093878240.4847
281465093878240.4851
281465093878240.4859
281465093878240.4863
281465093878240.4895
281465093878240.4915
281465291989472.4919
281465093878240.4967
281465093878240.4983
281465333952992.4995
281465093878240.4999
281465291989472.5001
281465093878240.5021
281465093878240.5027
281465093878240.5039
281465093878240.5073
281465093878240.5077
281465093878240.5109
281465093878240.5115
281465093878240.5141
281465093878240.5161
281465093878240.5207
281465291989472.5241
281465093878240.5245
281465093878240.5249
281465539502560.5325
