281465240637920.12
281465240637920.18
281465240637920.35
281465094918624.63
281465198674400.67
281465198674400.105
281465198674400.157
281465094918624.257
281465094918624.259
281465103311328.263
281465094918624.267
281465094918624.287
281465215459808.291
281465094918624.307
281465094918624.317
281465094918624.339
281465094918624.377
281465198674400.379
281465094918624.397
281465094918624.401
281465094918624.409
281465094918624.417
281465094918624.441
281465094918624.453
281465094918624.457
281465094918624.461
281465207067104.469
281465094918624.479
281465094918624.483
281465094918624.489
281465094918624.499
281465198674400.525
281465198674400.577
281465094918624.581
281465207067104.585
281465111704032.589
281465094918624.597
281465094918624.621
281465094918624.625
281465094918624.629
281465094918624.641
281465094918624.659
281465094918624.669
281465094918624.677
281465094918624.681
281465198674400.695
281465094918624.713
281465094918624.731
281465094918624.735
281465094918624.743
281465403187680.753
281465094918624.761
281465419973088.833
281465419973088.847
281465419973088.873
281465428365792.917
281465419973088.941
281465095975392.959
281465095975392.963
281465095975392.975
281465095975392.983
281465095975392.991
281465095975392.995
281465095975392.1005
281465207075296.1017
281465300378080.1023
281465095975392.1057
281465095975392.1061
281465095975392.1077
281465207075296.1081
281465095975392.1091
281465095975392.1095
281465095975392.1111
281465095975392.1123
281465556287968.1125
281465095975392.1139
281465095975392.1143
281465095975392.1155
281465095975392.1189
281465095975392.1193
281465095975392.1217
281465317163488.1221
281465207075296.1297
281465095975392.1307
281465095975392.1321
281465095975392.1327
281465300378080.1329
281465095975392.1345
281465095975392.1349
281465300378080.1355
281465095975392.1359
281465095975392.1363
281465095975392.1379
281465095975392.1391
281465095975392.1401
281465095975392.1421
281465359127008.1437
281465095975392.1469
281465095975392.1517
281465095975392.1543
281465095975392.1555
281465291985376.1557
281465095975392.1561
281465419973088.1583
281465087582688.1595
281465193431520.1611
281465079189984.1625
281465079189984.1649
281465079189984.1657
281465079189984.1667
281465079189984.1677
281465079189984.1685
281465079189984.1707
281465079189984.1727
281465193431520.1751
281465079189984.1755
281465079189984.1781
281465079189984.1805
281465079189984.1811
281465210216928.1849
281465079189984.1863
281465079189984.1867
281465079189984.1927
281465079189984.1961
281465193431520.1973
281465079189984.1981
281465079189984.2001
281465079189984.2007
281465079189984.2019
281465218609632.2029
281465079189984.2033
281465079189984.2039
281465079189984.2057
281465218609632.2065
281465079189984.2071
281465079189984.2081
281465079189984.2085
281465079189984.2099
281465079189984.2109
281465079189984.2129
281465079189984.2133
281465079189984.2147
281465079189984.2159
281465079189984.2167
281465079189984.2171
281465079189984.2177
281465419973088.2205
281465419973088.2215
281465094926816.2241
281465094926816.2255
281465094926816.2259
281465094926816.2283
281465094926816.2287
281465094926816.2295
281465094926816.2327
281465094926816.2335
281465094926816.2377
281465094926816.2381
281465094926816.2387
281465094926816.2395
281465094926816.2399
281465094926816.2403
281465094926816.2417
281465094926816.2429
281465094926816.2433
281465289888224.2463
281465094926816.2525
281465281495520.2533
281465306673632.2617
281465094926816.2621
281465094926816.2633
281465094926816.2639
281465094926816.2657
281465094926816.2701
281465094926816.2719
281465094926816.2733
281465094926816.2737
281465094926816.2745
281465094926816.2795
281465094926816.2811
281465094926816.2817
281465094926816.2829
281465094926816.2833
281465086534112.2855
281465086534112.2859
281465201824224.2879
281465086534112.2883
281465094926816.2939
281465086534112.2947
281465086534112.3033
281465086534112.3049
281465086534112.3091
281465338147296.3101
281465086534112.3115
281465086534112.3159
281465086534112.3171
281465086534112.3175
281465086534112.3191
281465201824224.3243
281465086534112.3257
281465218609632.3311
281465086534112.3351
281465086534112.3359
281465086534112.3427
281465086534112.3435
281465086534112.3469
281465539502560.3477
281465094926816.3493
281465094926816.3497
281465294086624.3507
281465094926816.3533
281465094926816.3547
281465094926816.3551
281465094926816.3555
281465094926816.3559
281465094926816.3579
281465094926816.3587
281465094926816.3683
281465094926816.3693
281465094926816.3715
281465094926816.3719
281465094926816.3723
281465094926816.3753
281465094926816.3781
281465094926816.3791
281465094926816.3797
281465094926816.3821
281465094926816.3843
281465094926816.3851
281465310872032.3885
281465094926816.3915
281465094926816.3919
281465094926816.3927
281465094926816.3931
281465268908512.4035
281465285693920.4039
281465094926816.4067
281465294086624.4071
281465294086624.4075
281465094926816.4087
281465094926816.4091
281465094926816.4095
281465419973088.4105
281465086534112.4117
281465086534112.4137
281465086534112.4141
281465201824224.4163
281465086534112.4167
281465086534112.4201
281465210216928.4221
281465086534112.4255
281465086534112.4273
281465086534112.4283
281465086534112.4287
281465086534112.4291
281465086534112.4327
281465086534112.4329
281465086534112.4355
281465078141408.4365
281465078141408.4375
281465078141408.4399
281465078141408.4425
281465078141408.4429
281465078141408.4489
281465078141408.4529
281465078141408.4557
281465078141408.4561
281465335001568.4629
281465078141408.4633
281465078141408.4637
281465201824224.4677
281465078141408.4687
281465078141408.4693
281465078141408.4697
281465428365792.4713
281465419973088.4717
281465419973088.4723
281465093878240.4729
281465093878240.4773
281465093878240.4779
281465093878240.4783
281465093878240.4811
281465093878240.4875
281465093878240.4883
281465093878240.4889
281465093878240.4893
281465093878240.4897
281465093878240.4921
281465093878240.4975
281465546846688.4991
281465093878240.5017
281465325560288.5023
281465300382176.5035
281465093878240.5081
281465093878240.5131
281465093878240.5135
281465275204064.5145
281465291989472.5149
281465291989472.5153
281465093878240.5159
281465093878240.5165
281465093878240.5191
281465093878240.5193
281465093878240.5235
281465093878240.5265
281465093878240.5315
281465093878240.5323
281465539502560.5329
