281465094918624.55
281465094918624.107
281465094918624.121
281465198674400.143
281465198674400.151
281465094918624.199
281465207067104.231
281465094918624.253
281465094918624.265
281465094918624.269
281465103311328.283
281465094918624.319
281465094918624.323
281465094918624.403
281465094918624.421
281465094918624.425
281465207067104.447
281465094918624.459
281465094918624.467
281465094918624.471
281465103311328.493
281465094918624.519
281465094918624.561
281465094918624.565
281465094918624.579
281465094918624.593
281465207067104.633
281465094918624.649
281465094918624.665
281465094918624.705
281465103311328.727
281465094918624.757
281465094918624.767
281465094918624.803
281465094918624.807
281465419973088.813
281465419973088.831
281465419973088.843
281465419973088.859
281465419973088.875
281465539502560.899
281465419973088.905
281467159097824.913
281465095975392.985
281465095975392.993
281465300378080.1003
281465095975392.1047
281465095975392.1055
281465095975392.1073
281465095975392.1087
281465095975392.1097
281465095975392.1131
281465095975392.1135
281465095975392.1137
281465095975392.1161
281465095975392.1187
281465095975392.1203
281465095975392.1233
281465095975392.1243
281465095975392.1293
281465095975392.1303
281465095975392.1313
281465095975392.1331
281465283592672.1341
281465095975392.1365
281465095975392.1383
281465095975392.1389
281465291985376.1395
281465095975392.1417
281465095975392.1439
281465095975392.1477
281465095975392.1501
281465300378080.1505
281465095975392.1537
281465095975392.1571
281465419973088.1581
281465079189984.1619
281465087582688.1631
281465079189984.1637
281465079189984.1661
281465079189984.1669
281465079189984.1675
281465366471136.1803
281465079189984.1883
281465079189984.1895
281465079189984.1899
281465079189984.1921
281465555239392.1947
281465079189984.1951
281465079189984.1967
281465193431520.1971
281465079189984.1975
281465079189984.1979
281465079189984.1983
281465079189984.2009
281465079189984.2041
281465087582688.2063
281465079189984.2075
281465079189984.2095
281465079189984.2105
281465079189984.2135
281465332900320.2145
281465079189984.2151
281465079189984.2155
281465079189984.2175
281465079189984.2185
281465079189984.2189
281465193431520.2193
281465079189984.2201
281465419973088.2209
281465094926816.2261
281465193443808.2297
281465094926816.2319
281465094926816.2343
281465094926816.2369
281465298280928.2401
281465094926816.2439
281465298280928.2479
281465094926816.2527
281465094926816.2539
281465094926816.2545
281465289888224.2557
281465289888224.2583
281465094926816.2593
281465094926816.2599
281465094926816.2607
281465094926816.2611
281465193443808.2635
281465094926816.2637
281465094926816.2651
281465289888224.2683
281465094926816.2703
281465094926816.2725
281465289888224.2751
281465086534112.2861
281465086534112.2895
281465086534112.2913
281465086534112.2917
281465086534112.2937
281465086534112.2943
281465086534112.2961
281465210216928.2965
281465086534112.2973
281465086534112.2977
281465086534112.2985
281465086534112.3001
281465086534112.3013
281465094926816.3021
281465086534112.3029
281465086534112.3035
281465086534112.3057
281465086534112.3061
281465086534112.3089
281465086534112.3095
281465094926816.3131
281465086534112.3157
281465086534112.3193
281465086534112.3201
281465086534112.3205
281465086534112.3227
281465086534112.3249
281465210216928.3259
281465086534112.3269
281465086534112.3273
281465086534112.3309
281465363325408.3345
281465086534112.3349
281465210216928.3353
281465086534112.3363
281465086534112.3369
281465086534112.3375
281465201824224.3391
281465086534112.3393
281465218609632.3409
281465201824224.3413
281465086534112.3449
281465086534112.3455
281465419973088.3483
281465419973088.3487
281465285693920.3499
281465094926816.3513
281465094926816.3553
281465094926816.3565
281465094926816.3569
281465094926816.3591
281465094926816.3595
281465094926816.3599
281465094926816.3605
281465094926816.3609
281465094926816.3619
281465094926816.3625
281465094926816.3697
281465094926816.3711
281465094926816.3735
281465094926816.3755
281465094926816.3817
281465285693920.3837
281465094926816.3853
281465094926816.3861
281465556287968.3929
281465094926816.3985
281465094926816.3989
281465094926816.4015
281465094926816.4019
281465277301216.4023
281465094926816.4069
281465094926816.4073
281465094926816.4149
281465210216928.4203
281465210216928.4207
281465086534112.4235
281465086534112.4269
281465086534112.4277
281465086534112.4281
281465086534112.4297
281465086534112.4319
281465078141408.4387
281465078141408.4391
281465193431520.4395
281465078141408.4431
281465078141408.4437
281465078141408.4471
281465086534112.4527
281465201824224.4567
281465078141408.4609
281465094926816.4613
281465078141408.4635
281465193431520.4669
281465078141408.4675
281465078141408.4679
281465078141408.4689
281465093878240.4727
281465093878240.4735
281465538453984.4785
281465093878240.4793
281465093878240.4865
281465093878240.4881
281465093878240.4899
281465093878240.4903
281465291989472.4905
281465325560288.4969
281465093878240.4981
281465538453984.4985
281465538453984.4993
281465093878240.4997
281465201832416.5119
281465093878240.5127
281465093878240.5203
281465093878240.5213
281465093878240.5247
281465093878240.5251
281465093878240.5271
281465093878240.5275
281465419973088.5333
