281465240637920.22
281465240637920.33
281465094918624.49
281465094918624.91
281465094918624.129
281465094918624.209
281465094918624.223
281465094918624.227
281465094918624.277
281465094918624.281
281465190281696.293
281465094918624.295
281465207067104.347
281465094918624.351
281465094918624.375
281465094918624.381
281465094918624.391
281465198674400.431
281465094918624.435
281465111704032.451
281465094918624.481
281465094918624.505
281465094918624.511
281465240637920.583
281465094918624.595
281465094918624.667
281465207067104.679
281465094918624.701
281465190281696.703
281465103311328.707
281465094918624.729
281465094918624.739
281465094918624.777
281465094918624.781
281465094918624.799
281465094918624.809
281465539502560.825
281465419973088.829
281465419973088.845
281465556287968.855
281465547895264.865
281465419973088.877
281465419973088.889
281465419973088.893
281465428365792.907
281465419973088.911
281465428365792.921
281465556287968.935
281465419973088.945
281465419973088.953
281465095975392.967
281465095975392.971
281465095975392.977
281465095975392.981
281465095975392.1021
281465333948896.1027
281465095975392.1051
281465095975392.1065
281465095975392.1069
281465095975392.1085
281465095975392.1089
281465095975392.1113
281465095975392.1119
281465095975392.1127
281465291985376.1133
281465095975392.1165
281465095975392.1173
281465095975392.1177
281465095975392.1183
281465095975392.1197
281465095975392.1207
281465547895264.1227
281465095975392.1235
281465095975392.1249
281465095975392.1261
281465095975392.1265
281465291985376.1269
281465095975392.1273
281465095975392.1291
281465095975392.1299
281465095975392.1353
281465095975392.1357
281465095975392.1361
281465095975392.1369
281465095975392.1373
281465095975392.1407
281465095975392.1471
281465095975392.1487
281465095975392.1491
281465095975392.1495
281465095975392.1499
281465095975392.1515
281465095975392.1529
281465095975392.1547
281465095975392.1551
281465079189984.1635
281465079189984.1639
281465324507616.1643
281465079189984.1647
281465087582688.1651
281465111704032.1655
281465079189984.1733
281465079189984.1753
281465079189984.1759
281465201824224.1769
281465079189984.1777
281465079189984.1785
281465332900320.1797
281465324507616.1801
281465079189984.1809
281465079189984.1817
281465079189984.1851
281465079189984.1857
281465079189984.1861
281465079189984.1865
281465079189984.1889
281465087582688.1955
281465079189984.1977
281465079189984.1993
281465079189984.1997
281465193431520.2027
281465079189984.2035
281465079189984.2093
281465079189984.2101
281465079189984.2107
281465079189984.2127
281465079189984.2163
281465079189984.2187
281465079189984.2197
281465419973088.2207
281465419973088.2213
281465094926816.2219
281465323459040.2247
281465289888224.2251
281465094926816.2253
281465546846688.2315
281465094926816.2361
281465094926816.2367
281465094926816.2375
281465094926816.2379
281465094926816.2383
281465094926816.2413
281465094926816.2421
281465094926816.2427
281465094926816.2431
281465094926816.2461
281465094926816.2503
281465094926816.2521
281465094926816.2543
281465094926816.2549
281465094926816.2563
281465094926816.2565
281465094926816.2569
281465094926816.2573
281465315066336.2609
281465094926816.2659
281465298280928.2661
281465094926816.2669
281465094926816.2677
281465094926816.2705
281465094926816.2711
281465094926816.2715
281465094926816.2729
281465094926816.2813
281465094926816.2825
281465094926816.2839
281465086534112.2853
281465086534112.2857
281465201824224.2885
281465201824224.2909
281465086534112.2959
281465086534112.2967
281465547895264.2987
281465086534112.3015
281465201824224.3025
281465086534112.3067
281465086534112.3071
281465086534112.3073
281465086534112.3085
281465086534112.3105
281465086534112.3109
281465210216928.3113
281465086534112.3129
281465094926816.3153
281465086534112.3163
281465086534112.3197
281465210216928.3209
281465086534112.3219
281465086534112.3251
281465086534112.3303
281465210216928.3307
281465086534112.3357
281465086534112.3377
281465086534112.3385
281465094926816.3509
281465285693920.3515
281465094926816.3537
281465094926816.3561
281465094926816.3593
281465094926816.3597
281465094926816.3601
281465294086624.3703
281465094926816.3709
281465094926816.3713
281465094926816.3729
281465094926816.3761
281465094926816.3799
281465094926816.3809
281465285693920.3839
281465094926816.3847
281465094926816.3859
281465285693920.3865
281465285693920.3889
281465094926816.3893
281465094926816.3901
281465344442848.3905
281465352835552.4007
281465094926816.4011
281465094926816.4085
281465094926816.4089
281465086534112.4153
281465086534112.4227
281465086534112.4237
281465086534112.4241
281465086534112.4271
281465086534112.4279
281465086534112.4285
281465086534112.4289
281465086534112.4325
281465086534112.4351
281465086534112.4357
281465086534112.4361
281465078141408.4371
281465078141408.4381
281465201824224.4443
281465201824224.4447
281465078141408.4455
281465078141408.4485
281465078141408.4563
281465078141408.4583
281465078141408.4607
281465078141408.4615
281465078141408.4631
281465086534112.4643
281465078141408.4657
281465078141408.4663
281465078141408.4665
281465078141408.4705
281465419973088.4721
281465093878240.4739
281465093878240.4795
281465291989472.4819
281465093878240.4871
281465093878240.4909
281465093878240.4917
281465093878240.4925
281465342345696.4979
281465093878240.5137
281465093878240.5181
281465201832416.5185
281465325560288.5189
281465093878240.5199
281465093878240.5211
281465093878240.5217
281465093878240.5227
281465093878240.5231
281465093878240.5253
281465093878240.5257
281465291989472.5269
281465093878240.5273
