281465094918624.81
281465094918624.95
281465094918624.109
281465094918624.113
281465094918624.141
281465094918624.161
281465198674400.213
281465094918624.217
281465094918624.221
281465094918624.245
281465094918624.251
281465419973088.255
281465094918624.311
281465094918624.333
281465419973088.345
281465094918624.349
281465094918624.357
281465094918624.361
281465094918624.371
281465094918624.387
281465207067104.393
281465352831456.413
281465094918624.429
281465094918624.455
281465094918624.509
281465094918624.515
281465094918624.523
281465094918624.527
281465361224160.555
281465094918624.575
281465094918624.671
281465223852512.675
281465094918624.689
281465094918624.711
281465094918624.715
281465094918624.719
281465094918624.725
281465094918624.741
281465094918624.745
281465094918624.765
281465103311328.769
281465198674400.773
281465419973088.827
281465419973088.839
281465419973088.881
281465531109856.901
281465428365792.929
281465539502560.943
281465419973088.949
281465095975392.969
281465095975392.973
281465291985376.1013
281465095975392.1033
281465095975392.1037
281465095975392.1093
281465095975392.1099
281465095975392.1103
281465095975392.1117
281465207075296.1145
281465095975392.1149
281465095975392.1157
281465095975392.1167
281465095975392.1171
281465095975392.1223
281465342341600.1229
281465095975392.1277
281465095975392.1301
281465095975392.1311
281465095975392.1315
281465095975392.1333
281465095975392.1377
281465095975392.1387
281465095975392.1423
281465095975392.1443
281465095975392.1461
281465300378080.1475
281465095975392.1485
281465095975392.1489
281465095975392.1493
281465095975392.1507
281465095975392.1533
281465095975392.1545
281465095975392.1549
281465095975392.1559
281465095975392.1563
281465095975392.1567
281465300378080.1573
281465095975392.1577
281465419973088.1585
281465349685728.1609
281465079189984.1623
281465201824224.1673
281465193431520.1679
281465079189984.1683
281465079189984.1687
281465079189984.1701
281465079189984.1705
281465079189984.1709
281465210216928.1729
281465079189984.1737
281465079189984.1761
281465201824224.1767
281465079189984.1779
281465079189984.1783
281465079189984.1791
281465341293024.1795
281465079189984.1799
281465079189984.1815
281465079189984.1835
281465079189984.1853
281465079189984.1903
281465079189984.1929
281465079189984.1935
281465193431520.1943
281465095975392.1949
281465079189984.1959
281465366471136.1963
281465193431520.1965
281465079189984.2045
281465079189984.2097
281465079189984.2139
281465087582688.2143
281465546846688.2169
281465218609632.2183
281465546846688.2191
281465094926816.2223
281465273102816.2227
281465094926816.2243
281465094926816.2257
281465094926816.2263
281465193443808.2291
281465094926816.2323
281465094926816.2347
281465094926816.2357
281465094926816.2363
281465094926816.2389
281465094926816.2393
281465094926816.2419
281465094926816.2425
281465094926816.2469
281465094926816.2487
281465094926816.2519
281465094926816.2523
281465094926816.2561
281465193443808.2605
281465298280928.2613
281465094926816.2619
281465094926816.2643
281465298280928.2647
281465298280928.2667
281465273102816.2671
281465289888224.2673
281465094926816.2735
281465094926816.2743
281465094926816.2779
281465094926816.2797
281465289888224.2823
281465094926816.2827
281465419973088.2845
281465419973088.2849
281465111704032.2863
281465086534112.2865
281465086534112.2869
281465094926816.2889
281465086534112.2899
281465086534112.2915
281465086534112.2919
281465086534112.2941
281465086534112.2949
281465086534112.2953
281465086534112.2995
281465086534112.2997
281465111704032.3023
281465201824224.3027
281465086534112.3031
281465086534112.3041
281465086534112.3047
281465086534112.3051
281465201824224.3079
281465086534112.3137
281465086534112.3161
281465210216928.3203
281465086534112.3211
281465086534112.3215
281465086534112.3231
281465086534112.3233
281465086534112.3237
281465086534112.3245
281465086534112.3263
281465210216928.3277
281465086534112.3305
281465201824224.3319
281465201824224.3333
281465086534112.3373
281465086534112.3397
281465086534112.3401
281465201824224.3405
281465086534112.3419
281465086534112.3433
281465086534112.3445
281465086534112.3451
281465086534112.3463
281465086534112.3467
281465086534112.3475
281465419973088.3481
281465094926816.3527
281465094926816.3539
281465094926816.3543
281465547895264.3631
281465302479328.3633
281465539502560.3681
281465094926816.3739
281465285693920.3765
281465094926816.3769
281465094926816.3773
281465094926816.3779
281465302479328.3787
281465094926816.3805
281465094926816.3849
281465094926816.3857
281465210221024.3887
281465094926816.3891
281465094926816.3895
281465094926816.3897
281465327657440.3939
281465094926816.3943
281465094926816.3971
281465094926816.3975
281465094926816.4053
281465094926816.4063
281465094926816.4065
281465086534112.4121
281465094926816.4155
281465086534112.4159
281465210216928.4225
281465086534112.4229
281465086534112.4247
281465086534112.4251
281465086534112.4293
281465086534112.4301
281465210216928.4323
281465086534112.4343
281465193431520.4369
281465078141408.4393
281465078141408.4397
281465193431520.4419
281465078141408.4423
281465201824224.4433
281465078141408.4453
281465078141408.4461
281465078141408.4469
281465193431520.4531
281465360179680.4545
281465078141408.4551
281465078141408.4559
281465078141408.4565
281465078141408.4591
281465086534112.4673
281465078141408.4685
281465086534112.4695
281465201824224.4701
281465300382176.4725
281465093878240.4733
281465538453984.4747
281465093878240.4781
281465093878240.4857
281465093878240.4879
281465093878240.4901
281465093878240.4911
281465359131104.4927
281465093878240.4933
281465093878240.4937
281465093878240.4989
281465093878240.5005
281465093878240.5009
281465093878240.5013
281465093878240.5025
281465093878240.5045
281465093878240.5117
281465093878240.5133
281465093878240.5163
281465093878240.5187
281465093878240.5225
281465093878240.5229
281465093878240.5233
281465093878240.5237
281465093878240.5255
281465093878240.5259
281465093878240.5267
281465093878240.5303
281465093878240.5313
281465419973088.5331
281465419973088.5335
