281465223852512.73
281465094918624.97
281465198674400.117
281465094918624.153
281465198674400.237
281465094918624.247
281465094918624.297
281465094918624.301
281465094918624.309
281465094918624.313
281465094918624.327
281465094918624.337
281465094918624.343
281465094918624.365
281465094918624.369
281465094918624.373
281465094918624.389
281465094918624.395
281465094918624.399
281465094918624.427
281465094918624.433
281465094918624.437
281465094918624.465
281465094918624.475
281465094918624.491
281465094918624.495
281465094918624.503
281465094918624.513
281465094918624.517
281465094918624.529
281465094918624.533
281465094918624.549
281465094918624.553
281465094918624.559
281465207067104.569
281465190281696.653
281465094918624.661
281465094918624.685
281465094918624.751
281465198674400.771
281465094918624.775
281465419973088.811
281465419973088.821
281465419973088.883
281465419973088.937
281465419973088.947
281465291985376.1007
281465207075296.1011
281465342341600.1025
281465095975392.1031
281465291985376.1035
281465095975392.1039
281465095975392.1053
281465095975392.1105
281465095975392.1109
281465300378080.1115
281465095975392.1121
281465095975392.1153
281465095975392.1181
281465095975392.1205
281465095975392.1213
281465207075296.1239
281465095975392.1247
281465095975392.1251
281465095975392.1255
281465095975392.1259
281465300378080.1263
281465095975392.1267
281465308770784.1283
281465095975392.1287
281465095975392.1385
281465095975392.1399
281465095975392.1447
281465095975392.1465
281465291985376.1509
281465095975392.1513
281465095975392.1519
281465095975392.1521
281465095975392.1531
281465095975392.1569
281465095975392.1575
281465419973088.1589
281465079189984.1615
281465079189984.1617
281465087582688.1621
281465087582688.1629
281465201824224.1641
281465079189984.1645
281465193431520.1659
281465079189984.1681
281465079189984.1703
281465079189984.1711
281465079189984.1731
281465079189984.1735
281465079189984.1739
281465079189984.1743
281465079189984.1747
281465079189984.1757
281465079189984.1765
281465079189984.1771
281465079189984.1773
281465079189984.1837
281465079189984.1841
281465193431520.1845
281465079189984.1885
281465079189984.1893
281465079189984.1925
281465079189984.1933
281465079189984.1937
281465201824224.1953
281465079189984.2003
281465079189984.2015
281465079189984.2023
281465079189984.2043
281465079189984.2051
281465079189984.2059
281465079189984.2061
281465079189984.2073
281465079189984.2111
281465079189984.2123
281465079189984.2137
281465079189984.2149
281465079189984.2157
281465419973088.2211
281465193443808.2221
281465094926816.2245
281465094926816.2249
281465094926816.2279
281465094926816.2285
281465193443808.2317
281465193443808.2329
281465094926816.2339
281465094926816.2345
281465094926816.2353
281465094926816.2359
281465094926816.2365
281465094926816.2373
281465094926816.2385
281465094926816.2391
281465094926816.2411
281465094926816.2423
281465298280928.2471
281465094926816.2475
281465289888224.2481
281465323459040.2485
281465094926816.2489
281465094926816.2493
281465094926816.2497
281465094926816.2513
281465094926816.2517
281465094926816.2531
281465094926816.2535
281465094926816.2553
281465094926816.2575
281465094926816.2579
281465094926816.2597
281465094926816.2655
281465094926816.2699
281465094926816.2727
281465094926816.2771
281465094926816.2799
281465094926816.2803
281465298280928.2807
281465539502560.2841
281465193431520.2907
281465086534112.2921
281465086534112.2951
281465094926816.2981
281465086534112.3009
281465086534112.3053
281465086534112.3065
281465086534112.3077
281465210216928.3155
281465086534112.3169
281465086534112.3181
281465086534112.3189
281465086534112.3207
281465086534112.3213
281465086534112.3221
281465086534112.3225
281465086534112.3241
281465539502560.3283
281465086534112.3287
281465086534112.3291
281465086534112.3295
281465086534112.3299
281465086534112.3337
281465086534112.3371
281465086534112.3379
281465086534112.3399
281465086534112.3417
281465086534112.3421
281465086534112.3425
281465346540000.3429
281465086534112.3441
281465094926816.3489
281465094926816.3503
281465094926816.3531
281465094926816.3535
281465294086624.3577
281465094926816.3651
281465094926816.3655
281465094926816.3691
281465094926816.3695
281465094926816.3793
281465094926816.3855
281465294086624.3921
281465094926816.3925
281465094926816.3935
281465094926816.3991
281465094926816.4009
281465094926816.4013
281465094926816.4031
281465094926816.4059
281465294086624.4093
281465094926816.4097
281465419973088.4111
281465086534112.4119
281465086534112.4123
281465086534112.4139
281465210216928.4151
281465193431520.4171
281465210216928.4205
281465086534112.4339
281465086534112.4353
281465086534112.4359
281465086534112.4363
281465078141408.4373
281465078141408.4413
281465078141408.4435
281465201824224.4441
281465218609632.4521
281465078141408.4525
281465078141408.4549
281465111704032.4553
281465078141408.4581
281465078141408.4587
281465078141408.4639
281465193431520.4649
281465078141408.4653
281465078141408.4683
281465078141408.4703
281465078141408.4711
281465419973088.4719
281465093878240.4731
281465093878240.4769
281465093878240.4791
281465093878240.4837
281465093878240.4843
281465093878240.4853
281465308774880.4907
281465093878240.4923
281465093878240.4929
281465093878240.5007
281465093878240.5015
281465546846688.5019
281465093878240.5029
281465093878240.5043
281465093878240.5111
281465093878240.5121
281465093878240.5139
281465093878240.5143
281465093878240.5147
281465093878240.5209
281465093878240.5215
281465300382176.5221
281465093878240.5243
281465093878240.5263
281465291989472.5289
281465093878240.5293
281465093878240.5297
281465093878240.5305
281465093878240.5309
281465093878240.5317
