281465134752224.69
281464818090464.93
281464818090464.101
281464818090464.107
281464818090464.113
281464818090464.201
281464818090464.205
281464818090464.219
281464818090464.255
281464818090464.267
281464818090464.273
281464818090464.277
281464818090464.285
281464818090464.311
281464818090464.323
281464826483168.357
281464818090464.361
281464818090464.377
281464818090464.383
281464818090464.401
281464818090464.431
281464818090464.435
281464932340192.445
281464818090464.465
281464818090464.515
281464818090464.527
281464818090464.533
281464818090464.535
281464818090464.541
281464818090464.545
281464923947488.575
281464818090464.579
281464818090464.591
281464818090464.607
281464818090464.613
281464818090464.621
281464818090464.631
281464932340192.635
281464818090464.645
281464818090464.653
281464818090464.657
281464818090464.669
281464818090464.677
281464818090464.685
281464818090464.715
281464818090464.723
281464818090464.733
281464818090464.749
281464818090464.763
281464818090464.769
281464818090464.779
281464818090464.803
281465143144928.821
281466000871904.825
281466000871904.843
281465143144928.849
281465143144928.865
281465143144928.899
281465024598496.991
281464820199904.1003
281465024598496.1009
281464820199904.1015
281464820199904.1031
281464820199904.1035
281464820199904.1039
281464820199904.1041
281465032991200.1065
281464820199904.1073
281464820199904.1119
281464820199904.1123
281464820199904.1131
281464820199904.1167
281464820199904.1185
281465024598496.1207
281464820199904.1217
281465058169312.1245
281464820199904.1257
281465074954720.1273
281464820199904.1277
281464820199904.1283
281465041383904.1299
281464820199904.1319
281464820199904.1339
281465024598496.1341
281464820199904.1347
281465032991200.1361
281464820199904.1379
281464820199904.1391
281464820199904.1403
281464820199904.1409
281465032991200.1417
281465032991200.1421
281464820199904.1431
281464820199904.1437
281464820199904.1443
281464820199904.1451
281464932348384.1455
281464820199904.1483
281464820199904.1489
281464820199904.1495
281464820199904.1531
281464820199904.1555
281465143144928.1577
281464820199904.1583
281464820199904.1599
281464820199904.1637
281465007825376.1677
281465024610784.1697
281464820199904.1711
281464820199904.1731
281464820199904.1743
281464820199904.1747
281464820199904.1749
281464820199904.1755
281465007825376.1759
281464820199904.1775
281464820199904.1795
281464820199904.1819
281464820199904.1869
281464820199904.1899
281464820199904.1907
281464982647264.1911
281464820199904.1929
281464820199904.1935
281464820199904.1943
281464820199904.1979
281465024610784.1983
281465024610784.2029
281464982647264.2045
281464820199904.2061
281464820199904.2065
281465024610784.2077
281464820199904.2083
281464820199904.2087
281464820199904.2127
281464820199904.2133
281464820199904.2139
281464820199904.2147
281464820199904.2175
281464811807200.2207
281464811807200.2231
281464943882720.2265
281464811807200.2323
281464927097312.2329
281464811807200.2333
281464811807200.2345
281464811807200.2349
281464811807200.2367
281464811807200.2371
281464811807200.2379
281464811807200.2407
281464811807200.2419
281464811807200.2435
281464811807200.2445
281464811807200.2449
281464811807200.2453
281464811807200.2471
281464811807200.2509
281464811807200.2553
281464811807200.2559
281464935490016.2585
281464811807200.2595
281465016226272.2607
281464811807200.2641
281464811807200.2647
281464811807200.2649
281464811807200.2683
281464935490016.2687
281464811807200.2707
281464811807200.2727
281464811807200.2731
281464811807200.2735
281464811807200.2747
281464935490016.2763
281464811807200.2797
281464811807200.2801
281465143144928.2825
281466009264608.2845
281464820199904.2869
281464820199904.2913
281464820199904.2927
281465028796896.2931
281465095938528.2935
281464820199904.2963
281466000871904.2983
281464820199904.3011
281464820199904.3027
281464820199904.3049
281464820199904.3053
281464820199904.3073
281464820199904.3083
281465028796896.3097
281464820199904.3145
281464820199904.3153
281464820199904.3159
281464820199904.3165
281464820199904.3179
281464820199904.3183
281464820199904.3193
281464820199904.3213
281464820199904.3223
281465020404192.3233
281464820199904.3243
281464820199904.3255
281464820199904.3335
281464935494112.3345
281464820199904.3349
281464820199904.3353
281464935494112.3369
281464820199904.3383
281465045582304.3387
281464820199904.3409
281464820199904.3413
281464820199904.3425
281465151537632.3431
281465143144928.3437
281464811807200.3461
281464811807200.3477
281464834875872.3485
281464811807200.3497
281464820199904.3531
281464811807200.3535
281464811807200.3573
281464811807200.3577
281464811807200.3581
281464811807200.3639
281464811807200.3657
281464811807200.3661
281464811807200.3667
281464811807200.3671
281464811807200.3675
281464811807200.3679
281464811807200.3681
281464811807200.3721
281464811807200.3799
281464811807200.3815
281464811807200.3833
281464811807200.3861
281464811807200.3885
281464834875872.3901
281464811807200.3925
281464811807200.3931
281464811807200.3939
281464811807200.3959
281464811807200.3963
281464811807200.3975
281464811807200.4013
281464819151328.4085
281464819151328.4139
281464819151328.4145
281465017258464.4171
281465059221984.4253
281464819151328.4269
281464819151328.4275
281465092792800.4279
281464819151328.4327
281464819151328.4337
281464819151328.4351
281464819151328.4375
281464819151328.4403
281464819151328.4415
281464819151328.4419
281464819151328.4423
281464810758624.4461
281464810758624.4469
281464810758624.4473
281464810758624.4485
281464810758624.4497
281464810758624.4531
281464810758624.4537
281464810758624.4551
281464810758624.4565
281464810758624.4589
281464810758624.4595
281464810758624.4633
281465143144928.4659
281464810758624.4715
281464927097312.4719
281464810758624.4725
281464810758624.4735
281464927097312.4737
281464810758624.4785
281464843268576.4807
281464927097312.4811
281464810758624.4815
281464810758624.4823
281464810758624.4841
281464810758624.4849
281464810758624.4873
281464810758624.4883
281464810758624.4923
281464819151328.4927
281464810758624.4939
281464810758624.4941
281464810758624.4945
281464810758624.4967
281464927097312.4981
281466016608736.5001
281464810758624.5011
281464810758624.5017
281464810758624.5039
281464810758624.5045
281464810758624.5077
281464810758624.5097
281464819151328.5129
281464810758624.5147
281464810758624.5151
281464810758624.5155
281464819151328.5159
281464810758624.5171
281464927097312.5223
