281464965911008.16
281465176715744.35
281464923947488.41
281464818090464.49
281464818090464.57
281464923947488.235
281464818090464.269
281464818090464.281
281464818090464.327
281464818090464.347
281464818090464.353
281464818090464.365
281464818090464.393
281464818090464.403
281464818090464.413
281464818090464.419
281464818090464.425
281464923947488.437
281464923947488.451
281464818090464.467
281465092788704.475
281464923947488.507
281464818090464.557
281464818090464.567
281464818090464.589
281464818090464.601
281464932340192.611
281464818090464.615
281464818090464.629
281464818090464.719
281464818090464.727
281465101181408.743
281464818090464.753
281464818090464.761
281464818090464.783
281464818090464.801
281464818090464.805
281465143144928.847
281465143144928.857
281465143144928.879
281465168323040.891
281464820199904.961
281464820199904.981
281464820199904.985
281464820199904.999
281464820199904.1023
281464820199904.1047
281464820199904.1057
281464820199904.1077
281464820199904.1105
281464820199904.1121
281464820199904.1125
281464932348384.1151
281464820199904.1155
281464820199904.1165
281464820199904.1169
281464820199904.1189
281464820199904.1199
281464820199904.1215
281464820199904.1241
281464820199904.1259
281464820199904.1289
281464820199904.1293
281464820199904.1309
281464820199904.1313
281464932348384.1317
281465058169312.1321
281464820199904.1331
281464820199904.1377
281464820199904.1383
281464820199904.1387
281464820199904.1395
281464820199904.1399
281464820199904.1427
281464820199904.1467
281464820199904.1471
281464820199904.1477
281464820199904.1491
281465058169312.1501
281464820199904.1535
281464820199904.1551
281464820199904.1567
281464820199904.1591
281466009264608.1611
281465007825376.1615
281464820199904.1621
281465016218080.1627
281464820199904.1633
281465033003488.1663
281464820199904.1667
281464820199904.1671
281464820199904.1675
281464820199904.1679
281464820199904.1683
281464820199904.1691
281464820199904.1703
281464820199904.1727
281464820199904.1771
281464820199904.1779
281464982647264.1783
281464820199904.1825
281464820199904.1833
281464820199904.1845
281464820199904.1849
281464820199904.1853
281464820199904.1883
281464820199904.1887
281464820199904.1891
281464820199904.1895
281464820199904.1917
281464820199904.1927
281464820199904.1947
281464820199904.1969
281464820199904.1975
281464820199904.1989
281464820199904.1995
281465007825376.1999
281464820199904.2015
281464999432672.2053
281464820199904.2075
281464820199904.2079
281464820199904.2129
281464820199904.2155
281464820199904.2177
281464820199904.2187
281465151537632.2193
281464811807200.2263
281464811807200.2321
281464811807200.2361
281464811807200.2409
281464811807200.2415
281464811807200.2433
281464811807200.2439
281464811807200.2443
281464927097312.2451
281464935490016.2463
281464811807200.2467
281464811807200.2475
281464811807200.2513
281464811807200.2517
281464811807200.2521
281464811807200.2531
281464811807200.2567
281464811807200.2571
281464811807200.2657
281464820199904.2669
281464811807200.2675
281464811807200.2685
281464935490016.2691
281464811807200.2697
281464935490016.2709
281464811807200.2713
281464811807200.2725
281464811807200.2749
281464811807200.2755
281464811807200.2757
281464811807200.2795
281464843268576.2799
281464811807200.2803
281465151537632.2821
281464820199904.2851
281464935494112.2905
281464820199904.2909
281464820199904.2919
281464820199904.2941
281464820199904.2967
281464820199904.2999
281464820199904.3047
281464820199904.3099
281465020404192.3109
281464820199904.3141
281464820199904.3155
281465079153120.3161
281464820199904.3175
281464820199904.3177
281464820199904.3195
281464820199904.3203
281465020404192.3207
281464820199904.3321
281465028796896.3333
281464820199904.3359
281464820199904.3381
281465143144928.3435
281464811807200.3487
281464834875872.3489
281464811807200.3527
281464811807200.3545
281464811807200.3561
281464820199904.3571
281464811807200.3589
281464811807200.3593
281464935490016.3623
281464811807200.3643
281465060270560.3659
281464811807200.3663
281464811807200.3683
281464811807200.3705
281464811807200.3725
281464927097312.3741
281464811807200.3791
281464811807200.3819
281464811807200.3829
281464811807200.3865
281464811807200.3889
281464811807200.3915
281464811807200.4005
281464811807200.4009
281465143144928.4043
281464819151328.4053
281464819151328.4057
281464819151328.4061
281464819151328.4081
281464819151328.4121
281464819151328.4157
281464935494112.4213
281464819151328.4245
281464819151328.4249
281464819151328.4259
281464819151328.4355
281464819151328.4359
281464819151328.4393
281464819151328.4397
281465025651168.4401
281464810758624.4455
281464810758624.4583
281464810758624.4619
281465017258464.4629
281464819151328.4683
281464935490016.4687
281464810758624.4729
281464810758624.4741
281464810758624.4745
281464810758624.4769
281464927097312.4789
281464810758624.4805
281465082302944.4809
281464810758624.4813
281466016608736.4829
281464810758624.4833
281464810758624.4843
281464810758624.4887
281464810758624.4891
281464810758624.4903
281464810758624.4933
281464810758624.4947
281464810758624.4951
281464810758624.4969
281464810758624.5029
281464810758624.5033
281464810758624.5101
281464810758624.5111
281464810758624.5133
281464810758624.5139
281464810758624.5143
281464810758624.5201
281464810758624.5231
281464810758624.5237
281465143144928.5251
281465013064160.5257
281464819151328.5263
