281464965911008.8
281464818090464.55
281464932340192.63
281464940732896.67
281464818090464.77
281464818090464.119
281464818090464.129
281464932340192.209
281464818090464.227
281464932340192.233
281464818090464.259
281464818090464.263
281464818090464.287
281464818090464.313
281464818090464.317
281464818090464.329
281464818090464.363
281464818090464.367
281464818090464.389
281464818090464.399
281464932340192.441
281464818090464.473
281464818090464.483
281464818090464.487
281464818090464.491
281464818090464.499
281464818090464.521
281464818090464.523
281464818090464.555
281464818090464.561
281464818090464.569
281464818090464.623
281464818090464.627
281464923947488.643
281464818090464.655
281464932340192.679
281464932340192.683
281464818090464.689
281464818090464.691
281464818090464.697
281464818090464.707
281464818090464.713
281464818090464.747
281464818090464.751
281464818090464.757
281464818090464.793
281464818090464.799
281465143144928.817
281465143144928.823
281465143144928.869
281466000871904.911
281465143144928.915
281464820199904.957
281464820199904.965
281464820199904.993
281464820199904.1001
281464820199904.1005
281464820199904.1025
281464820199904.1055
281464820199904.1063
281464820199904.1071
281464820199904.1085
281464820199904.1095
281464820199904.1103
281464820199904.1149
281464820199904.1153
281464820199904.1163
281464820199904.1171
281464820199904.1193
281464820199904.1205
281464820199904.1209
281464820199904.1235
281464820199904.1243
281464820199904.1261
281464820199904.1279
281466009264608.1281
281465024598496.1297
281464932348384.1303
281465024598496.1323
281465032991200.1329
281465066562016.1335
281465100132832.1357
281464820199904.1363
281464820199904.1371
281464820199904.1407
281464820199904.1433
281464820199904.1441
281464820199904.1481
281464820199904.1497
281464820199904.1549
281464820199904.1559
281464820199904.1565
281465143144928.1573
281464991039968.1595
281464820199904.1617
281464820199904.1645
281464820199904.1681
281464820199904.1693
281464820199904.1705
281464820199904.1709
281464820199904.1763
281464820199904.1791
281464820199904.1799
281464820199904.1813
281466000871904.1817
281464820199904.1835
281464820199904.1839
281464820199904.1909
281464982647264.1913
281464820199904.1925
281464820199904.1933
281464820199904.1957
281464820199904.1973
281464820199904.1977
281465016218080.2017
281464820199904.2033
281464820199904.2041
281464820199904.2047
281464820199904.2069
281464820199904.2085
281464820199904.2089
281464820199904.2151
281465143144928.2197
281465143144928.2203
281464811807200.2211
281464811807200.2217
281464943882720.2223
281464811807200.2229
281464943882720.2241
281464811807200.2251
281464811807200.2255
281464811807200.2273
281464811807200.2359
281464820199904.2377
281464811807200.2381
281464811807200.2403
281464811807200.2427
281464811807200.2455
281464811807200.2457
281464811807200.2465
281464811807200.2503
281464811807200.2515
281464811807200.2545
281464935490016.2579
281464811807200.2583
281464811807200.2605
281464811807200.2613
281464811807200.2619
281464811807200.2627
281464811807200.2633
281464811807200.2645
281464811807200.2689
281464811807200.2701
281464811807200.2717
281464811807200.2721
281464927097312.2751
281464811807200.2771
281464811807200.2779
281464811807200.2805
281465143144928.2817
281464820199904.2843
281464820199904.2863
281464820199904.2867
281464820199904.2901
281464820199904.2911
281464820199904.2929
281464820199904.2937
281464820199904.2979
281465020404192.3009
281464820199904.3015
281464935494112.3023
281464820199904.3057
281464820199904.3065
281465020404192.3115
281464820199904.3137
281464820199904.3211
281465003618784.3215
281464820199904.3231
281464820199904.3257
281464820199904.3309
281464820199904.3331
281464820199904.3367
281464811807200.3453
281464811807200.3459
281464927097312.3465
281464935490016.3481
281464811807200.3529
281464811807200.3549
281464811807200.3555
281464811807200.3565
281464811807200.3569
281464811807200.3585
281464811807200.3685
281464943882720.3689
281466017657312.3711
281464811807200.3743
281464927097312.3751
281464811807200.3795
281464811807200.3839
281464811807200.3851
281464811807200.3857
281464811807200.3863
281464811807200.3867
281464811807200.3883
281464811807200.3887
281464820199904.3891
281464843268576.3895
281464820199904.3937
281464811807200.3941
281464811807200.3945
281464811807200.3951
281465068663264.3971
281464811807200.4001
281464811807200.4023
281464819151328.4093
281464819151328.4113
281464819151328.4117
281464819151328.4137
281464819151328.4143
281464819151328.4153
281464819151328.4163
281464819151328.4167
281464819151328.4185
281465042436576.4247
281464819151328.4251
281464819151328.4263
281464819151328.4267
281464819151328.4271
281465084400096.4281
281465050829280.4285
281464819151328.4321
281464819151328.4325
281464819151328.4371
281465025651168.4407
281464810758624.4431
281464810758624.4465
281464810758624.4491
281464810758624.4495
281464810758624.4503
281464810758624.4509
281464810758624.4535
281464810758624.4539
281464810758624.4555
281464810758624.4607
281464810758624.4617
281464810758624.4623
281464810758624.4627
281464810758624.4673
281464935490016.4677
281464810758624.4767
281464810758624.4859
281464819151328.4863
281464810758624.4867
281464810758624.4879
281464810758624.4921
281464810758624.4925
281464810758624.4975
281464810758624.4977
281464810758624.4983
281464935490016.4989
281466008216032.5025
281464810758624.5047
281465999823328.5081
281464810758624.5117
281464810758624.5135
281464810758624.5177
281464810758624.5197
281465143144928.5245
281464819151328.5255
