281464965911008.6
281466968265184.18
281464818090464.39
281464818090464.51
281464818090464.75
281464818090464.95
281464826483168.103
281464818090464.153
281464818090464.253
281464818090464.261
281464818090464.293
281464818090464.297
281464818090464.305
281464923947488.307
281464818090464.355
281464818090464.469
281464818090464.519
281464818090464.537
281464818090464.547
281464923947488.605
281464818090464.667
281464818090464.681
281464818090464.695
281464940732896.725
281464818090464.731
281464818090464.737
281464818090464.777
281464818090464.781
281464818090464.789
281465143144928.813
281465143144928.827
281465143144928.833
281465159930336.889
281465143144928.905
281465143144928.913
281465143144928.937
281465143144928.941
281465143144928.945
281465083347424.973
281464820199904.983
281464820199904.989
281464820199904.995
281464820199904.1019
281465016205792.1037
281464820199904.1051
281464820199904.1081
281464820199904.1099
281464820199904.1101
281464820199904.1115
281464820199904.1135
281464820199904.1139
281464820199904.1143
281464820199904.1147
281464820199904.1157
281464820199904.1211
281464820199904.1227
281464820199904.1251
281464820199904.1267
281464932348384.1285
281465016205792.1305
281464820199904.1311
281464820199904.1325
281464820199904.1365
281465024598496.1385
281464820199904.1389
281464820199904.1429
281465024598496.1479
281464820199904.1487
281464820199904.1499
281465024598496.1505
281464820199904.1547
281464820199904.1553
281464820199904.1557
281464820199904.1563
281464820199904.1585
281464820199904.1589
281464820199904.1597
281465024610784.1601
281464820199904.1631
281464820199904.1635
281464820199904.1641
281464820199904.1659
281464820199904.1669
281464999432672.1695
281464820199904.1767
281464820199904.1787
281466000871904.1801
281465007825376.1823
281464820199904.1851
281464820199904.1873
281464820199904.1877
281464820199904.1921
281465016218080.1939
281464820199904.1953
281465016218080.1959
281464820199904.1963
281464820199904.1981
281464820199904.2013
281464820199904.2019
281465016218080.2023
281464820199904.2027
281465007825376.2031
281464820199904.2035
281465016218080.2039
281464820199904.2057
281464820199904.2071
281464820199904.2097
281465007825376.2131
281464820199904.2173
281466933645792.2195
281465143144928.2199
281464935490016.2221
281464811807200.2227
281464811807200.2237
281464811807200.2259
281464811807200.2295
281464811807200.2305
281464811807200.2311
281464811807200.2317
281464811807200.2325
281464811807200.2331
281464811807200.2351
281464820199904.2357
281464811807200.2397
281464811807200.2411
281464811807200.2429
281464811807200.2461
281464811807200.2479
281464811807200.2485
281465016226272.2497
281464811807200.2501
281464943882720.2505
281464834875872.2525
281464811807200.2543
281464811807200.2547
281464811807200.2551
281464811807200.2575
281464935490016.2587
281464811807200.2591
281464811807200.2615
281464811807200.2625
281464811807200.2637
281464811807200.2643
281464811807200.2667
281464811807200.2673
281464811807200.2679
281464811807200.2711
281464811807200.2715
281464811807200.2719
281464811807200.2737
281464811807200.2793
281464811807200.2815
281465143144928.2823
281464820199904.2847
281465028796896.2853
281464820199904.2907
281465020404192.2915
281464820199904.2925
281464820199904.2933
281464820199904.2961
281464820199904.2965
281464935494112.3071
281465028796896.3075
281464820199904.3081
281464820199904.3085
281464820199904.3089
281465028796896.3103
281464820199904.3107
281464820199904.3133
281465087545824.3143
281464820199904.3151
281465020404192.3157
281464820199904.3167
281466009264608.3225
281464820199904.3229
281464820199904.3251
281464820199904.3259
281464820199904.3283
281464935494112.3323
281464820199904.3341
281464820199904.3347
281464820199904.3351
281464820199904.3373
281465045582304.3379
281465028796896.3419
281464811807200.3475
281464811807200.3493
281464811807200.3539
281464834875872.3551
281464811807200.3591
281464811807200.3621
281464811807200.3669
281464811807200.3709
281464811807200.3813
281464811807200.3831
281464811807200.3835
281464811807200.3845
281464811807200.3853
281464811807200.3875
281464811807200.3879
281464811807200.3905
281464811807200.3911
281464811807200.3921
281464811807200.3935
281466009264608.3953
281464811807200.3967
281464811807200.3977
281464811807200.4019
281464811807200.4025
281465143144928.4051
281464819151328.4211
281464819151328.4215
281464819151328.4255
281464819151328.4333
281465025651168.4339
281464819151328.4389
281464819151328.4399
281464810758624.4427
281464810758624.4433
281465008865760.4449
281464810758624.4459
281464810758624.4467
281464810758624.4475
281464810758624.4489
281464819151328.4493
281464810758624.4507
281465017258464.4567
281464810758624.4605
281464810758624.4609
281464810758624.4621
281464810758624.4625
281465143144928.4657
281464943882720.4667
281464810758624.4723
281464810758624.4727
281464810758624.4733
281464935490016.4751
281464810758624.4755
281464943882720.4759
281464927097312.4761
281464810758624.4799
281464810758624.4803
281464810758624.4839
281464810758624.4871
281464810758624.4877
281464810758624.4881
281464927097312.4895
281464810758624.4971
281464810758624.4995
281464810758624.5031
281464810758624.5105
281464810758624.5121
281464810758624.5179
281464927097312.5217
281464810758624.5221
281464810758624.5235
281465008886240.5239
