281464965911008.12
281464965911008.33
281464818090464.79
281464834875872.87
281464818090464.105
281464818090464.111
281464818090464.127
281464818090464.151
281464818090464.159
281464932340192.199
281464923947488.213
281464818090464.217
281464818090464.221
281464923947488.239
281464923947488.245
281464932340192.249
281464826483168.265
281464818090464.291
281464818090464.295
281464818090464.299
281464818090464.319
281464818090464.325
281464932340192.351
281464818090464.371
281464818090464.381
281464818090464.387
281464818090464.407
281464818090464.415
281464826483168.443
281464818090464.447
281464818090464.459
281464834875872.471
281464826483168.495
281465101181408.503
281464818090464.509
281464818090464.525
281464818090464.551
281464818090464.577
281464818090464.583
281464818090464.587
281464818090464.595
281464818090464.599
281464818090464.619
281464818090464.673
281464818090464.687
281464818090464.693
281464818090464.699
281464818090464.711
281464818090464.739
281464818090464.745
281464818090464.755
281464932340192.785
281464818090464.787
281464826483168.791
281464818090464.795
281465143144928.829
281465143144928.845
281465143144928.861
281465143144928.873
281465151537632.901
281466017657312.907
281466680353248.917
281464820199904.963
281464820199904.1027
281464820199904.1029
281464820199904.1033
281465032991200.1043
281464820199904.1049
281464820199904.1067
281464820199904.1091
281464820199904.1109
281464820199904.1113
281464932348384.1127
281464820199904.1137
281464820199904.1141
281465032991200.1145
281464820199904.1161
281464820199904.1177
281464820199904.1183
281464820199904.1191
281464820199904.1255
281465032991200.1263
281464820199904.1271
281464820199904.1275
281464820199904.1287
281464820199904.1295
281464820199904.1301
281465032991200.1307
281465016205792.1337
281464820199904.1343
281465074954720.1351
281464820199904.1353
281464820199904.1405
281464932348384.1449
281464820199904.1459
281464820199904.1463
281464820199904.1521
281464820199904.1543
281465041383904.1545
281464820199904.1581
281464820199904.1587
281464820199904.1605
281464820199904.1609
281464820199904.1619
281464820199904.1647
281464820199904.1655
281464820199904.1687
281465016218080.1689
281464820199904.1729
281465024610784.1733
281464820199904.1753
281464820199904.1757
281464820199904.1761
281464820199904.1765
281464820199904.1769
281464820199904.1803
281464820199904.1807
281464982647264.1821
281464820199904.1827
281465024610784.1831
281464820199904.1855
281465007825376.1903
281465007825376.1923
281464820199904.1937
281464982647264.1949
281465033003488.1965
281464820199904.2055
281464820199904.2067
281464820199904.2093
281464820199904.2101
281464982647264.2105
281465016218080.2135
281465016218080.2141
281464820199904.2145
281464820199904.2169
281465016218080.2185
281464820199904.2191
281464811807200.2235
281464927097312.2239
281464811807200.2243
281464811807200.2253
281464811807200.2257
281464811807200.2269
281464811807200.2301
281464811807200.2309
281464811807200.2339
281464811807200.2343
281464811807200.2347
281464927097312.2353
281464811807200.2369
281464811807200.2399
281464811807200.2413
281464811807200.2417
281464811807200.2425
281464811807200.2431
281464811807200.2437
281464811807200.2441
281464811807200.2473
281464811807200.2489
281464811807200.2507
281464811807200.2511
281464834875872.2529
281464811807200.2535
281464935490016.2539
281466017657312.2541
281464811807200.2549
281464811807200.2555
281464811807200.2573
281464811807200.2593
281464811807200.2599
281464811807200.2617
281464820199904.2623
281464811807200.2639
281464811807200.2659
281464811807200.2661
281464935490016.2665
281464820199904.2693
281464811807200.2733
281464811807200.2739
281464811807200.2743
281464811807200.2769
281466000871904.2819
281465020404192.2849
281465028796896.2859
281464820199904.3007
281464820199904.3019
281465045582304.3021
281465028796896.3031
281465028796896.3095
281464820199904.3113
281464820199904.3131
281464820199904.3135
281464820199904.3139
281464820199904.3149
281464820199904.3197
281464935494112.3217
281465095938528.3221
281464820199904.3245
281465020404192.3327
281465020404192.3363
281464820199904.3371
281464820199904.3375
281464820199904.3423
281465045582304.3427
281465143144928.3439
281464935490016.3455
281464811807200.3479
281464811807200.3483
281464811807200.3495
281464811807200.3533
281464927097312.3537
281464811807200.3543
281464811807200.3547
281464811807200.3559
281464811807200.3567
281464811807200.3579
281464935490016.3583
281464811807200.3595
281464935490016.3599
281464811807200.3603
281464811807200.3625
281464811807200.3629
281464811807200.3641
281464811807200.3707
281466000871904.3715
281464811807200.3723
281464811807200.3793
281464927097312.3825
281464811807200.3859
281464935490016.3869
281464811807200.3873
281464811807200.3923
281464811807200.3927
281464811807200.3997
281464843268576.4021
281464811807200.4033
281464811807200.4037
281464819151328.4119
281464819151328.4123
281464819151328.4147
281464819151328.4149
281464819151328.4165
281464819151328.4169
281464819151328.4189
281464819151328.4193
281464819151328.4219
281464819151328.4289
281465017258464.4317
281464819151328.4323
281465092792800.4331
281464819151328.4357
281464819151328.4361
281465017258464.4369
281465092792800.4373
281464819151328.4405
281464810758624.4425
281464810758624.4435
281464810758624.4451
281465008865760.4477
281464810758624.4499
281464810758624.4505
281464810758624.4581
281464819151328.4587
281464810758624.4591
281464810758624.4599
281465059221984.4631
281464810758624.4713
281464810758624.4765
281464927097312.4793
281464810758624.4797
281464810758624.4801
281464810758624.4831
281464810758624.4835
281464927097312.4861
281464810758624.4865
281464810758624.4917
281464935490016.4931
281464810758624.4935
281464810758624.4973
281464810758624.4979
281464935490016.4999
281464810758624.5015
281464810758624.5021
281464834875872.5061
281466008216032.5065
281466016608736.5069
281464927097312.5079
281464810758624.5107
281464810758624.5109
281464935490016.5113
281464810758624.5123
281464810758624.5127
281464810758624.5153
281464927097312.5165
281464935490016.5169
281464810758624.5203
281464810758624.5219
281465057124832.5233
281466000871904.5241
281465143144928.5247
