281464923947488.43
281464818090464.53
281464818090464.59
281464940732896.81
281464818090464.133
281464923947488.143
281464818090464.149
281464818090464.203
281464818090464.207
281465101181408.211
281464932340192.223
281464818090464.247
281464818090464.251
281464818090464.315
281464932340192.343
281464818090464.349
281464818090464.373
281464923947488.409
281464818090464.421
281464923947488.427
281464818090464.453
281464818090464.477
281465151537632.501
281464818090464.513
281464932340192.539
281464818090464.571
281464818090464.581
281464818090464.593
281464818090464.641
281464818090464.647
281464818090464.651
281464818090464.659
281464818090464.665
281464818090464.675
281464818090464.701
281464818090464.705
281464818090464.735
281464818090464.741
281464818090464.759
281464818090464.767
281464818090464.773
281464818090464.775
281464818090464.807
281466000871904.811
281465143144928.859
281466671960544.867
281465143144928.871
281466000871904.883
281465143144928.893
281466680353248.925
281465143144928.943
281465143144928.947
281464932348384.959
281464820199904.967
281464820199904.969
281464820199904.1053
281465024598496.1179
281465032991200.1195
281465024598496.1197
281464820199904.1221
281464820199904.1231
281464820199904.1239
281464820199904.1247
281464820199904.1269
281464820199904.1291
281464820199904.1315
281465024598496.1345
281464932348384.1367
281464820199904.1373
281464820199904.1401
281464820199904.1411
281464820199904.1415
281464820199904.1435
281464820199904.1439
281464820199904.1445
281464820199904.1473
281464820199904.1493
281464820199904.1507
281464820199904.1527
281464820199904.1533
281465032991200.1537
281464820199904.1541
281464820199904.1561
281465143144928.1571
281465143144928.1579
281464820199904.1613
281464820199904.1625
281464820199904.1649
281464820199904.1739
281464820199904.1777
281464820199904.1809
281464820199904.1843
281464820199904.1879
281464820199904.1905
281464820199904.1915
281464820199904.1931
281464820199904.1941
281464820199904.1991
281464820199904.2021
281464820199904.2025
281464820199904.2051
281464820199904.2091
281464820199904.2099
281464820199904.2103
281464820199904.2107
281464820199904.2123
281464820199904.2137
281464820199904.2143
281464820199904.2149
281464820199904.2183
281464811807200.2209
281464811807200.2213
281464811807200.2219
281464811807200.2245
281464811807200.2249
281464811807200.2261
281464811807200.2267
281464811807200.2275
281464935490016.2289
281464811807200.2293
281464811807200.2341
281465098035680.2355
281464811807200.2365
281464811807200.2373
281464811807200.2421
281464811807200.2447
281464811807200.2483
281464820199904.2493
281464820199904.2537
281464927097312.2565
281464811807200.2569
281464811807200.2581
281464811807200.2589
281464811807200.2597
281464935490016.2611
281464811807200.2635
281464811807200.2653
281464811807200.2705
281464811807200.2745
281464811807200.2761
281464935490016.2765
281464811807200.2773
281464811807200.2777
281464811807200.2809
281464811807200.2813
281465143144928.2827
281464820199904.2841
281464820199904.2855
281464820199904.2875
281464820199904.2903
281465020404192.2923
281464820199904.2947
281465070760416.2969
281464820199904.2975
281464820199904.3025
281464820199904.3029
281464820199904.3059
281464820199904.3091
281464820199904.3105
281464820199904.3147
281465003618784.3163
281465028796896.3189
281464820199904.3205
281465003618784.3235
281464820199904.3247
281464820199904.3249
281465020404192.3253
281465020404192.3275
281464820199904.3279
281465028796896.3311
281464820199904.3315
281464820199904.3319
281465020404192.3329
281464935494112.3337
281464820199904.3357
281464820199904.3361
281464820199904.3377
281464820199904.3385
281464820199904.3391
281464820199904.3405
281464811807200.3469
281464811807200.3473
281464811807200.3499
281464811807200.3525
281464811807200.3541
281464935490016.3553
281464811807200.3557
281464811807200.3587
281464811807200.3597
281464811807200.3601
281464811807200.3605
281464811807200.3609
281464943882720.3631
281464811807200.3635
281464820199904.3691
281464811807200.3823
281464811807200.3843
281464811807200.3897
281465028809184.3919
281466017657312.3929
281464811807200.3949
281464811807200.3955
281464811807200.3979
281464811807200.3995
281464811807200.4015
281464811807200.4027
281464811807200.4031
281464811807200.4039
281465143144928.4049
281464819151328.4077
281464819151328.4099
281464935494112.4115
281464819151328.4187
281464819151328.4217
281464819151328.4273
281464819151328.4335
281464819151328.4343
281465017258464.4347
281464819151328.4353
281464819151328.4367
281465017258464.4395
281464810758624.4457
281464810758624.4487
281464810758624.4501
281464810758624.4511
281464810758624.4515
281464810758624.4519
281465008865760.4521
281464810758624.4533
281464810758624.4557
281464810758624.4561
281464810758624.4593
281464810758624.4597
281464810758624.4603
281464810758624.4635
281464810758624.4639
281465143144928.4661
281464810758624.4685
281464810758624.4717
281464810758624.4721
281464810758624.4743
281464810758624.4747
281464810758624.4763
281464810758624.4817
281464810758624.4825
281464810758624.4847
281464810758624.4851
281464810758624.4855
281464810758624.4875
281464810758624.4885
281464810758624.4889
281464927097312.4901
281464810758624.4943
281465082302944.4965
281464810758624.4985
281464810758624.5003
281464810758624.5041
281464810758624.5067
281464810758624.5071
281464810758624.5103
281464810758624.5149
281464810758624.5157
281464810758624.5161
281464810758624.5173
281464810758624.5227
281466000871904.5243
281464819151328.5253
281464819151328.5261
