281464965911008.10
281464818090464.65
281464818090464.89
281465143144928.97
281464818090464.117
281464826483168.145
281464940732896.157
281464818090464.215
281464818090464.225
281464818090464.229
281464818090464.243
281464818090464.257
281464818090464.279
281464818090464.283
281464818090464.289
281465092788704.303
281464818090464.309
281464818090464.345
281464818090464.359
281464818090464.369
281464818090464.375
281464818090464.391
281464818090464.397
281464818090464.439
281465168323040.449
281464818090464.455
281464818090464.461
281464818090464.481
281464826483168.485
281464818090464.505
281464818090464.517
281464826483168.529
281464818090464.549
281464818090464.553
281464818090464.565
281464949125600.597
281464818090464.609
281464818090464.639
281464818090464.649
281464818090464.663
281464818090464.671
281464818090464.703
281464818090464.717
281464818090464.729
281464818090464.765
281464818090464.771
281464818090464.809
281465143144928.831
281465143144928.841
281465151537632.851
281465168323040.881
281465143144928.885
281465143144928.897
281465143144928.909
281465143144928.929
281465143144928.951
281464820199904.977
281464820199904.997
281464820199904.1007
281465024598496.1011
281464820199904.1061
281464820199904.1079
281464820199904.1083
281464820199904.1087
281464820199904.1089
281464820199904.1097
281464820199904.1129
281464820199904.1133
281464820199904.1175
281464820199904.1181
281464820199904.1201
281464820199904.1225
281465024598496.1229
281464820199904.1237
281464820199904.1369
281465007813088.1393
281464820199904.1413
281464820199904.1419
281464820199904.1447
281464820199904.1461
281464932348384.1475
281464820199904.1523
281465143144928.1569
281465143144928.1575
281464820199904.1593
281464820199904.1603
281464820199904.1629
281464820199904.1639
281464820199904.1643
281464982647264.1653
281465007825376.1657
281465007825376.1661
281464820199904.1665
281465016218080.1673
281464820199904.1735
281464820199904.1737
281464820199904.1745
281464820199904.1751
281464820199904.1773
281464982647264.1789
281464820199904.1797
281464820199904.1805
281465016218080.1811
281464820199904.1837
281464820199904.1847
281464820199904.1881
281464820199904.1885
281464982647264.1889
281465082298848.1897
281464820199904.1901
281464820199904.1945
281465057120736.1951
281464820199904.1955
281464820199904.1961
281464820199904.1967
281464991039968.1971
281464820199904.1985
281464820199904.1993
281464820199904.1997
281464820199904.2049
281464820199904.2059
281466000871904.2063
281465007825376.2081
281464820199904.2121
281464820199904.2171
281464820199904.2179
281465016218080.2181
281464982647264.2189
281464935490016.2225
281464811807200.2247
281464811807200.2271
281464811807200.2291
281464811807200.2299
281464811807200.2303
281464811807200.2307
281464811807200.2313
281464811807200.2327
281464811807200.2337
281464811807200.2401
281464811807200.2405
281464811807200.2423
281464811807200.2459
281464811807200.2469
281465016226272.2491
281464811807200.2499
281464811807200.2519
281464811807200.2533
281464935490016.2563
281464935490016.2577
281464820199904.2603
281465056072160.2609
281464811807200.2621
281464811807200.2629
281464811807200.2651
281464811807200.2655
281464811807200.2663
281464811807200.2671
281464811807200.2677
281464811807200.2681
281464811807200.2695
281464811807200.2729
281464811807200.2741
281464811807200.2759
281464811807200.2767
281464820199904.2807
281464811807200.2811
281464820199904.2857
281464820199904.2861
281464820199904.2865
281466017657312.2871
281464820199904.2917
281464820199904.2921
281464820199904.2939
281464820199904.2943
281464820199904.2973
281465003618784.2977
281464820199904.2981
281465003618784.2997
281465028796896.3003
281464820199904.3017
281464820199904.3045
281465020404192.3063
281464820199904.3067
281464820199904.3069
281464820199904.3079
281464820199904.3093
281465053975008.3129
281464820199904.3171
281464820199904.3181
281464820199904.3185
281464820199904.3209
281464820199904.3219
281465037189600.3237
281464820199904.3241
281464820199904.3273
281464820199904.3325
281464820199904.3355
281464935494112.3389
281464820199904.3407
281464820199904.3411
281465037189600.3415
281464820199904.3417
281464820199904.3421
281464811807200.3457
281464811807200.3467
281464811807200.3471
281464811807200.3563
281464811807200.3575
281464811807200.3607
281464927097312.3611
281464811807200.3615
281464811807200.3619
281464935490016.3673
281464811807200.3713
281464811807200.3719
281464811807200.3727
281464811807200.3747
281464820199904.3789
281464811807200.3797
281464811807200.3821
281464935490016.3837
281464811807200.3841
281464834875872.3849
281464811807200.3871
281464834875872.3877
281464811807200.3881
281464811807200.3909
281464811807200.3913
281464811807200.3943
281464811807200.3947
281464811807200.3957
281464811807200.3993
281464811807200.4029
281464811807200.4035
281465143144928.4041
281465143144928.4047
281464819151328.4055
281464819151328.4059
281464819151328.4063
281464819151328.4079
281464819151328.4083
281464819151328.4089
281464819151328.4095
281465025651168.4151
281464819151328.4159
281464819151328.4161
281464819151328.4191
281465017258464.4195
281464819151328.4209
281465025651168.4287
281464819151328.4329
281465025651168.4363
281464819151328.4365
281464819151328.4391
281464819151328.4411
281464819151328.4413
281465008865760.4429
281464810758624.4453
281465017258464.4463
281464810758624.4471
281465008865760.4479
281464810758624.4483
281464810758624.4517
281464810758624.4525
281464810758624.4529
281464810758624.4543
281464810758624.4547
281464810758624.4613
281464810758624.4637
281465143144928.4653
281464810758624.4665
281464810758624.4669
281464810758624.4681
281464810758624.4731
281464810758624.4869
281464810758624.4893
281464810758624.4899
281464927097312.4919
281464810758624.4993
281464810758624.4997
281464810758624.5005
281466016608736.5009
281464810758624.5035
281464810758624.5043
281464810758624.5073
281464819151328.5115
281464810758624.5125
281464810758624.5141
281464810758624.5145
281464810758624.5163
281464810758624.5167
281464935490016.5175
281464810758624.5193
281464819151328.5199
281465065517536.5229
281464819151328.5259
