281464965911008.20
281465084396000.31
281464818090464.37
281464818090464.47
281464818090464.61
281464818090464.83
281464818090464.91
281464818090464.109
281464923947488.115
281464818090464.121
281464818090464.141
281464818090464.155
281464923947488.161
281464818090464.231
281464826483168.237
281464818090464.241
281464818090464.271
281464818090464.275
281464826483168.301
281465143144928.321
281464818090464.379
281464818090464.385
281464818090464.395
281464818090464.405
281464818090464.411
281464818090464.417
281464818090464.423
281464818090464.429
281464818090464.433
281465101181408.457
281464932340192.463
281464818090464.479
281464818090464.489
281464818090464.493
281464818090464.497
281464818090464.511
281464923947488.531
281464818090464.543
281464818090464.559
281464818090464.563
281464818090464.573
281464818090464.585
281464818090464.603
281464818090464.617
281464818090464.625
281464818090464.633
281464818090464.637
281464818090464.661
281464818090464.709
281464818090464.721
281464818090464.797
281465143144928.835
281465143144928.853
281465168323040.863
281465143144928.877
281465143144928.887
281467124040160.923
281465143144928.927
281465143144928.935
281465143144928.939
281465143144928.949
281465143144928.953
281464820199904.971
281465032991200.975
281465041383904.979
281464820199904.987
281464820199904.1013
281464820199904.1017
281464820199904.1021
281464820199904.1045
281464820199904.1059
281465032991200.1069
281464820199904.1075
281465041383904.1093
281464820199904.1107
281464820199904.1111
281464820199904.1117
281465024598496.1159
281464820199904.1173
281464820199904.1187
281464820199904.1203
281464820199904.1213
281464820199904.1219
281464820199904.1223
281464820199904.1233
281464820199904.1249
281464820199904.1253
281464820199904.1265
281465083347424.1327
281464820199904.1333
281464820199904.1349
281465007813088.1355
281464820199904.1359
281464820199904.1375
281465024598496.1381
281464820199904.1397
281464820199904.1423
281464820199904.1425
281464820199904.1453
281464820199904.1457
281465032991200.1465
281464820199904.1469
281464820199904.1485
281465024598496.1503
281464820199904.1525
281464820199904.1529
281464820199904.1539
281464982647264.1607
281464820199904.1623
281464820199904.1651
281465007825376.1685
281464820199904.1699
281465007825376.1701
281464820199904.1707
281464820199904.1725
281464820199904.1741
281464820199904.1781
281464991039968.1785
281464820199904.1793
281465016218080.1815
281466017657312.1829
281464820199904.1841
281465007825376.1871
281464820199904.1875
281464820199904.1893
281464820199904.1919
281465016218080.1987
281464820199904.2037
281464820199904.2043
281464820199904.2073
281464820199904.2095
281464820199904.2125
281464820199904.2153
281465143144928.2201
281464811807200.2205
281464811807200.2215
281464811807200.2233
281464811807200.2297
281464811807200.2315
281464811807200.2319
281464811807200.2335
281464820199904.2363
281464927097312.2375
281464811807200.2383
281464811807200.2477
281464811807200.2481
281464811807200.2487
281464811807200.2495
281464811807200.2523
281464811807200.2527
281464811807200.2557
281464811807200.2561
281464811807200.2601
281464811807200.2631
281464811807200.2699
281464811807200.2703
281464811807200.2723
281464811807200.2753
281464811807200.2775
281464820199904.2873
281464820199904.2945
281464820199904.2971
281464820199904.3001
281464820199904.3005
281465012011488.3013
281464820199904.3051
281464820199904.3055
281465020404192.3061
281464820199904.3077
281464820199904.3087
281465028796896.3101
281464820199904.3111
281464820199904.3169
281465028796896.3173
281465020404192.3187
281464820199904.3191
281465095938528.3199
281464820199904.3201
281464820199904.3227
281465037189600.3239
281465020404192.3277
281464820199904.3281
281464820199904.3313
281465037189600.3317
281464820199904.3339
281464820199904.3343
281464820199904.3365
281465143144928.3429
281465143144928.3433
281464811807200.3463
281464811807200.3491
281464834875872.3613
281464811807200.3617
281464811807200.3627
281464811807200.3633
281464811807200.3637
281464834875872.3665
281464811807200.3677
281464811807200.3687
281464811807200.3717
281464811807200.3745
281464811807200.3749
281464811807200.3817
281464927097312.3827
281464935490016.3847
281464811807200.3855
281464811807200.3893
281464811807200.3899
281465068663264.3903
281464927097312.3907
281464811807200.3917
281464811807200.3933
281464811807200.3961
281464811807200.3965
281464811807200.3969
281464811807200.3973
281464811807200.3999
281464811807200.4003
281464811807200.4007
281464811807200.4011
281464811807200.4017
281465143144928.4045
281465000473056.4087
281464819151328.4091
281464935494112.4097
281464819151328.4141
281464819151328.4155
281465042436576.4257
281464819151328.4261
281465025651168.4265
281464819151328.4277
281465025651168.4283
281464819151328.4291
281465017258464.4319
281465017258464.4341
281464819151328.4345
281464819151328.4349
281464819151328.4409
281464819151328.4417
281465050829280.4421
281464810758624.4481
281464819151328.4513
281464810758624.4523
281464810758624.4527
281464819151328.4541
281464810758624.4545
281464810758624.4549
281464810758624.4553
281464810758624.4559
281465017258464.4563
281464810758624.4585
281464810758624.4601
281464810758624.4611
281464810758624.4615
281465999823328.4655
281465143144928.4663
281464810758624.4671
281464810758624.4675
281464810758624.4679
281464810758624.4739
281464810758624.4749
281464810758624.4753
281464810758624.4757
281464927097312.4771
281464810758624.4787
281464810758624.4791
281464810758624.4795
281464810758624.4819
281464810758624.4821
281464810758624.4827
281464810758624.4837
281464819151328.4845
281464810758624.4853
281464810758624.4857
281464810758624.4897
281466016608736.4929
281464810758624.4937
281464810758624.4949
281464810758624.4987
281464810758624.4991
281464810758624.5007
281464810758624.5013
281465082302944.5019
281464935490016.5023
281464810758624.5027
281464810758624.5037
281464843268576.5063
281464810758624.5075
281465057124832.5083
281464810758624.5099
281464935490016.5119
281464810758624.5131
281464810758624.5137
281464810758624.5195
281464810758624.5225
281466000871904.5249
