281465766007264.8
281465203958240.83
281465203958240.91
281465203958240.133
281465203958240.157
281465203958240.235
281465203958240.247
281465203958240.265
281465203958240.275
281465203958240.291
281465203958240.299
281465245921760.327
281465203958240.361
281465237529056.403
281465203958240.413
281465203958240.469
281465203958240.479
281465203958240.485
281465203958240.533
281465203958240.539
281465203958240.549
281465203958240.559
281465220743648.563
281465203958240.567
281465203958240.577
281465203958240.601
281465203958240.607
281465203958240.613
281465203958240.621
281465203958240.663
281465203958240.709
281465203958240.719
281465203958240.723
281465203958240.753
281465203958240.765
281465203958240.773
281465203958240.795
281465757614560.811
281466311270880.823
281465749221856.869
281465749221856.889
281465749221856.893
281466015560160.901
281465749221856.917
281465749221856.929
281465749221856.943
281465749221856.953
281465203958240.961
281465203958240.965
281465203958240.973
281465203958240.981
281465203958240.987
281465203958240.991
281465203958240.1001
281465203958240.1005
281465203958240.1009
281465203958240.1015
281465203958240.1019
281465245921760.1023
281465203958240.1035
281465203958240.1041
281465203958240.1105
281465203958240.1111
281465203958240.1125
281465203958240.1135
281465203958240.1139
281465203958240.1147
281465237529056.1159
281465203958240.1163
281465245921760.1167
281465203958240.1199
281465203958240.1237
281465331896800.1241
281465203958240.1259
281465203958240.1277
281465203958240.1289
281465203958240.1319
281465203958240.1327
281465203958240.1329
281465203958240.1343
281465203958240.1347
281465203958240.1373
281465203958240.1377
281465203958240.1443
281465203958240.1451
281465203958240.1473
281465203958240.1501
281465203958240.1505
281465245921760.1553
281465237529056.1557
281465203958240.1561
281465749221856.1581
281465998774752.1589
281465203958240.1601
281465203958240.1613
281465203958240.1619
281465203958240.1623
281465203958240.1627
281465203958240.1641
281465203958240.1649
281465203958240.1659
281465203958240.1675
281466023956960.1703
281465203958240.1709
281465203958240.1713
281465237529056.1723
281465203958240.1755
281465620251104.1771
281465203958240.1775
281465203958240.1801
281465203958240.1831
281465203958240.1835
281465237529056.1839
281465203958240.1843
281465203958240.1845
281465628643808.1859
281465203958240.1865
281465203958240.1913
281465203958240.1941
281465203958240.1951
281465203958240.1967
281465245921760.1975
281465203958240.1989
281465203958240.1997
281465203958240.2007
281465203958240.2017
281465203958240.2021
281465203958240.2089
281466023956960.2139
281465645429216.2151
281465203958240.2177
281465201873376.2195
281465201873376.2241
281465611858400.2273
281465201873376.2281
281465331896800.2303
281465201873376.2311
281465201873376.2315
281465603465696.2323
281465201873376.2329
281465201873376.2337
281465201873376.2341
281465201873376.2381
281465201873376.2403
281465201873376.2437
281465201873376.2467
281465645429216.2509
281465201873376.2529
281465201873376.2571
281465201873376.2585
281465331896800.2599
281465201873376.2649
281465201873376.2659
281465201873376.2665
281465620251104.2697
281465201873376.2721
281465201873376.2737
281465201873376.2771
281465201873376.2775
281465749221856.2807
281465201873376.2817
281465245921760.2835
281465245921760.2881
281465201873376.2899
281465245921760.2931
281465201873376.2935
281465201873376.2951
281465201873376.2957
281465201873376.2963
281465201873376.2967
281465201873376.2995
281465201873376.3001
281465201873376.3009
281465201873376.3047
281465201873376.3059
281465201873376.3071
281465201873376.3077
281465201873376.3081
281465245921760.3125
281465201873376.3129
281465201873376.3133
281465201873376.3181
281465201873376.3219
281465201873376.3249
281465201873376.3253
281465201873376.3263
281465201873376.3267
281465201873376.3271
281465634939360.3285
281465618153952.3301
281465201873376.3311
281465201873376.3315
281465201873376.3325
281465201873376.3331
281465201873376.3335
281465201873376.3351
281465201873376.3371
281465201873376.3385
281465201873376.3389
281465201873376.3405
281465201873376.3411
281465237529056.3451
281465201873376.3481
281465201873376.3487
281465201873376.3491
281465201873376.3539
281465201873376.3543
281465201873376.3555
281465201873376.3565
281465201873376.3571
281465201873376.3593
281465245921760.3607
281465220743648.3623
281465201873376.3627
281465201873376.3669
281465201873376.3673
281465201873376.3699
281465201873376.3807
281465201873376.3839
281465212350944.3855
281465201873376.3859
281465201873376.3861
281465201873376.3865
281465201873376.3875
281465201873376.3895
281465201873376.3899
281465201873376.3917
281465201873376.3933
281465201873376.3965
281465245921760.4037
281466428703200.4073
281465201873376.4077
281465245921760.4097
281465201873376.4153
281465212350944.4179
281465201873376.4201
281465237529056.4215
281465631793632.4223
281465201873376.4227
281465201873376.4247
281465237529056.4313
281465201873376.4327
281465201873376.4361
281465201873376.4395
281465245921760.4399
281465212350944.4459
281465212350944.4477
281465237529056.4481
281465201873376.4507
281465201873376.4523
281465201873376.4567
281465201873376.4575
281465220743648.4591
281465201873376.4627
281465245921760.4637
281465749221856.4669
281466014511584.4673
281465331896800.4691
281465201873376.4737
281465201873376.4741
281465201873376.4745
281465201873376.4749
281465201873376.4753
281465201873376.4777
281465201873376.4813
281465201873376.4909
281465201873376.4923
281465201873376.4931
281465201873376.4935
281465245921760.4939
281465201873376.5127
281465201873376.5145
281465201873376.5161
281465201873376.5165
281465201873376.5183
281465201873376.5195
281465237529056.5199
281465201873376.5205
281465201873376.5209
281465201873376.5233
281465201873376.5241
281465757614560.5267
281465201873376.5287
