281465348682208.16
281465348682208.31
281465203958240.43
281465203958240.55
281465203958240.59
281465237529056.79
281465203958240.87
281465203958240.95
281465203958240.103
281465203958240.115
281465203958240.151
281465203958240.155
281465203958240.209
281465203958240.211
281465203958240.223
281465203958240.227
281465203958240.295
281465245921760.323
281465203958240.331
281465237529056.335
281465203958240.343
281465203958240.351
281465203958240.363
281465203958240.391
281465203958240.415
281465245921760.423
281465203958240.441
281465203958240.447
281465203958240.489
281465203958240.503
281465203958240.507
281465203958240.561
281465237529056.581
281465203958240.593
281465203958240.617
281465323504096.627
281465203958240.657
281465203958240.665
281465203958240.667
281465203958240.729
281465203958240.779
281465203958240.789
281465203958240.793
281465749221856.813
281466015560160.825
281466269307360.833
281466015560160.873
281465749221856.905
281465749221856.933
281465237529056.967
281465203958240.971
281465203958240.1027
281465203958240.1097
281465203958240.1103
281465203958240.1107
281465203958240.1115
281465203958240.1121
281465203958240.1145
281465203958240.1155
281465203958240.1191
281465203958240.1217
281465203958240.1225
281465203958240.1229
281465203958240.1235
281465203958240.1239
281465203958240.1267
281465203958240.1271
281465203958240.1317
281465203958240.1321
281465203958240.1325
281465203958240.1333
281465203958240.1337
281465203958240.1367
281465323504096.1409
281465203958240.1453
281465203958240.1457
281465203958240.1509
281465203958240.1513
281465203958240.1517
281465203958240.1539
281465203958240.1543
281465638085088.1547
281465203958240.1551
281465203958240.1559
281465203958240.1567
281465203958240.1573
281465203958240.1577
281465749221856.1591
281465203958240.1593
281465229136352.1621
281465203958240.1647
281465212350944.1663
281465203958240.1707
281465203958240.1715
281465203958240.1727
281465203958240.1733
281465203958240.1773
281465203958240.1811
281465203958240.1817
281465603465696.1849
281465245921760.1869
281465203958240.1873
281465203958240.1877
281465203958240.1909
281465203958240.1919
281465203958240.1927
281465203958240.1929
281466023956960.1933
281465203958240.1947
281465212350944.1977
281465203958240.1983
281465203958240.1987
281465212350944.2005
281465203958240.2009
281465203958240.2061
281465203958240.2087
281465203958240.2129
281465203958240.2133
281465203958240.2159
281465203958240.2169
281465203958240.2181
281465203958240.2185
281465245921760.2189
281465201873376.2205
281465201873376.2243
281465201873376.2247
281465201873376.2263
281465331896800.2285
281465201873376.2351
281465201873376.2367
281465201873376.2375
281465201873376.2391
281465201873376.2423
281465201873376.2427
281465201873376.2439
281465201873376.2443
281465201873376.2453
281465331896800.2475
281465201873376.2499
281465201873376.2513
281465201873376.2519
281465201873376.2523
281465201873376.2527
281465201873376.2541
281465201873376.2545
281465201873376.2591
281465201873376.2595
281465201873376.2609
281465323504096.2655
281465237529056.2663
281465331896800.2667
281465201873376.2675
281465201873376.2679
281465637036512.2705
281465201873376.2713
281465201873376.2717
281465201873376.2735
281465603465696.2741
281466005070304.2769
281465749221856.2809
281465201873376.2867
281465634939360.2871
281465201873376.2875
281465245921760.2879
281465201873376.2893
281465201873376.2987
281465201873376.3017
281465201873376.3027
281465201873376.3041
281465201873376.3045
281465201873376.3067
281466013467104.3089
281465201873376.3119
281465201873376.3169
281465201873376.3177
281465201873376.3203
281465201873376.3237
281465201873376.3243
281465201873376.3259
281465201873376.3287
281465201873376.3297
281465201873376.3309
281465201873376.3313
281465201873376.3321
281465201873376.3337
281465201873376.3365
281465201873376.3409
281465201873376.3413
281465201873376.3425
281465201873376.3475
281465201873376.3535
281465201873376.3541
281465331896800.3545
281465201873376.3551
281465201873376.3559
281465201873376.3597
281465201873376.3611
281465201873376.3615
281465201873376.3629
281465201873376.3641
281465245921760.3655
281465201873376.3659
281465201873376.3665
281465201873376.3689
281465201873376.3733
281465201873376.3737
281465201873376.3755
281465201873376.3769
281465201873376.3775
281465229136352.3777
281465201873376.3781
281465201873376.3799
281465201873376.3821
281466014515680.3843
281465201873376.3881
281465229136352.3929
281465201873376.3979
281465201873376.4001
281465201873376.4007
281465201873376.4015
281465201873376.4029
281465749221856.4067
281465237529056.4105
281465201873376.4155
281465201873376.4171
281465201873376.4209
281465201873376.4221
281465201873376.4371
281465201873376.4427
281465323504096.4433
281465201873376.4441
281465201873376.4479
281465201873376.4487
281465201873376.4501
281465201873376.4511
281465201873376.4529
281465201873376.4533
281465201873376.4547
281465201873376.4555
281465201873376.4583
281465201873376.4645
281465201873376.4649
281465749221856.4671
281465201873376.4689
281465201873376.4693
281465201873376.4697
281465245921760.4719
281465201873376.4723
281465201873376.4793
281465201873376.4827
281465201873376.4873
281465201873376.4885
281465201873376.4893
281465201873376.4925
281465201873376.4933
281465201873376.4943
281465201873376.4977
281465237529056.4983
281465639137760.4991
281465201873376.4997
281465201873376.5003
281465201873376.5009
281465630745056.5029
281465201873376.5055
281465201873376.5103
281465201873376.5107
281465201873376.5147
281465229136352.5151
281465201873376.5159
281465201873376.5177
281465749221856.5271
