281465348682208.20
281465203958240.57
281465203958240.65
281465203958240.75
281465203958240.93
281465203958240.109
281465203958240.147
281465203958240.215
281465203958240.241
281465203958240.249
281465203958240.267
281465203958240.273
281465203958240.279
281465237529056.285
281465237529056.289
281465212350944.293
281465203958240.309
281465203958240.339
281465203958240.349
281465203958240.357
281465212350944.379
281465203958240.393
281465203958240.401
281465203958240.435
281465203958240.451
281465203958240.457
281465203958240.477
281465749221856.493
281465203958240.543
281465203958240.547
281465203958240.609
281465203958240.623
281465203958240.637
281465203958240.701
281465203958240.703
281465203958240.711
281465245921760.737
281465203958240.751
281465203958240.757
281465203958240.769
281465203958240.775
281465203958240.797
281465203958240.801
281465203958240.807
281465749221856.815
281466040738272.879
281465749221856.909
281466311270880.913
281465749221856.927
281465749221856.935
281465245921760.977
281465638085088.985
281465203958240.989
281465203958240.993
281465203958240.999
281465203958240.1017
281465203958240.1031
281465237529056.1037
281465203958240.1075
281465203958240.1099
281465203958240.1119
281465203958240.1143
281465203958240.1161
281465203958240.1173
281465203958240.1209
281465203958240.1251
281465203958240.1261
281465203958240.1265
281465203958240.1331
281465203958240.1361
281465203958240.1375
281465203958240.1381
281465203958240.1415
281465203958240.1419
281465203958240.1431
281465245921760.1455
281465245921760.1459
281465203958240.1477
281465203958240.1495
281465245921760.1503
281465203958240.1519
281465203958240.1535
281465203958240.1541
281465203958240.1579
281465237529056.1617
281465203958240.1655
281465323504096.1687
281465203958240.1691
281465203958240.1735
281465203958240.1737
281465203958240.1743
281465203958240.1767
281465203958240.1781
281465203958240.1819
281465203958240.1823
281465203958240.1827
281465203958240.1841
281465203958240.1853
281465203958240.1917
281465203958240.1935
281465212350944.1969
281465203958240.1995
281465203958240.2011
281465203958240.2019
281465203958240.2023
281465203958240.2031
281465203958240.2039
281465203958240.2093
281465203958240.2117
281465203958240.2121
281465203958240.2125
281465203958240.2135
281465203958240.2145
281465203958240.2149
281465203958240.2163
281465203958240.2167
281465201873376.2211
281465611858400.2217
281465201873376.2225
281465201873376.2251
281465201873376.2301
281465201873376.2305
281465201873376.2309
281465237529056.2327
281465237529056.2335
281465201873376.2339
281465201873376.2371
281465201873376.2387
281465331896800.2407
281465201873376.2417
281465201873376.2447
281465201873376.2457
281465201873376.2477
281465201873376.2493
281465201873376.2535
281465201873376.2543
281465237529056.2555
281465201873376.2565
281465201873376.2577
281465201873376.2597
281465611858400.2683
281465201873376.2723
281465237529056.2727
281465749221856.2805
281465201873376.2829
281465201873376.2833
281465201873376.2861
281465245921760.2877
281465201873376.2883
281465201873376.2907
281465201873376.2937
281466030252512.2941
281465201873376.2949
281465201873376.2971
281465201873376.2997
281465201873376.3003
281465201873376.3007
281465201873376.3021
281465201873376.3025
281465331896800.3029
281465201873376.3043
281465201873376.3087
281465201873376.3091
281465201873376.3093
281465201873376.3097
281465201873376.3185
281465201873376.3241
281466021859808.3257
281465201873376.3373
281465201873376.3377
281465201873376.3391
281465237529056.3407
281465201873376.3419
281465201873376.3427
281465749221856.3431
281465201873376.3447
281465201873376.3465
281465201873376.3485
281465201873376.3503
281465201873376.3513
281465201873376.3521
281465201873376.3547
281465220743648.3569
281465201873376.3581
281465201873376.3587
281465201873376.3595
281465201873376.3603
281465201873376.3643
281465201873376.3651
281465212350944.3681
281465201873376.3711
281465220743648.3773
281465616056800.3779
281465201873376.3785
281465201873376.3791
281465201873376.3805
281465245921760.3817
281465632842208.3823
281465237529056.3849
281465201873376.3853
281465201873376.3877
281465201873376.3889
281465201873376.3893
281465201873376.3901
281465201873376.3919
281465201873376.3923
281465599271392.3973
281465201873376.4005
281465201873376.4035
281465201873376.4039
281465201873376.4087
281465201873376.4091
281465201873376.4095
281465237529056.4151
281465201873376.4169
281465201873376.4181
281465201873376.4203
281465201873376.4285
281465201873376.4307
281465201873376.4311
281465201873376.4321
281465201873376.4373
281465201873376.4381
281465323504096.4385
281465201873376.4407
281465237529056.4429
281465201873376.4437
281465201873376.4443
281465201873376.4475
281465229136352.4493
281465201873376.4527
281465201873376.4537
281465201873376.4549
281465201873376.4559
281465201873376.4579
281465201873376.4581
281465201873376.4585
281465201873376.4589
281465201873376.4611
281465201873376.4629
281465749221856.4667
281465201873376.4735
281465201873376.4739
281465201873376.4747
281465201873376.4751
281465201873376.4759
281465201873376.4775
281465201873376.4811
281465201873376.4831
281465201873376.4879
281465201873376.4883
281465237529056.4891
281465201873376.4901
281465201873376.4979
281465201873376.5007
281465245921760.5017
281465201873376.5023
281465201873376.5033
281465229136352.5051
281465639137760.5059
281465237529056.5077
281465201873376.5131
281465201873376.5141
281465237529056.5179
281465201873376.5193
281465201873376.5197
281465201873376.5201
281465201873376.5207
281465201873376.5211
281465201873376.5245
