281465348682208.10
281465348682208.35
281465203958240.39
281465203958240.73
281465245921760.199
281465203958240.207
281465203958240.213
281465203958240.217
281465323504096.221
281465203958240.255
281466015560160.287
281465203958240.297
281465203958240.305
281465203958240.307
281465203958240.341
281465203958240.347
281465203958240.353
281465203958240.355
281465237529056.387
281465203958240.397
281465203958240.409
281465203958240.431
281465203958240.437
281465203958240.449
281465203958240.455
281465203958240.509
281465203958240.513
281465203958240.521
281465245921760.565
281465203958240.597
281465203958240.603
281465203958240.619
281465237529056.625
281465203958240.629
281465203958240.633
281465203958240.641
281465203958240.643
281465203958240.647
281465203958240.673
281465203958240.691
281465237529056.695
281465203958240.705
281465203958240.715
281465203958240.787
281465203958240.791
281465749221856.821
281465749221856.827
281465749221856.839
281466269307360.843
281465749221856.871
281465757614560.883
281465749221856.887
281465749221856.899
281465749221856.949
281465203958240.983
281465203958240.1021
281465203958240.1053
281465203958240.1065
281465203958240.1069
281465237529056.1129
281465203958240.1165
281465203958240.1179
281465203958240.1185
281465203958240.1189
281465203958240.1247
281465203958240.1263
281465203958240.1283
281465203958240.1353
281465203958240.1357
281465245921760.1363
281465203958240.1379
281465203958240.1387
281465203958240.1403
281465203958240.1417
281465203958240.1429
281465203958240.1437
281465237529056.1441
281465203958240.1475
281465203958240.1487
281465203958240.1491
281465212350944.1499
281465203958240.1575
281465749221856.1587
281465203958240.1595
281465203958240.1603
281466023956960.1625
281465203958240.1653
281465245921760.1657
281465203958240.1665
281465203958240.1669
281465237529056.1689
281465203958240.1719
281465203958240.1747
281465203958240.1765
281465203958240.1803
281465203958240.1815
281465245921760.1829
281465203958240.1863
281465203958240.1867
281465203958240.1871
281465203958240.1875
281465203958240.1879
281465203958240.1883
281465203958240.1889
281465203958240.1915
281465203958240.1923
281465203958240.1937
281465203958240.1945
281465203958240.1999
281465203958240.2003
281465203958240.2015
281465203958240.2027
281465203958240.2033
281465203958240.2041
281465637036512.2045
281465203958240.2067
281465203958240.2095
281465203958240.2111
281465203958240.2127
281465203958240.2131
281465203958240.2137
281465203958240.2147
281465203958240.2171
281465203958240.2183
281465201873376.2193
281465201873376.2197
281465201873376.2229
281465201873376.2235
281465620251104.2265
281465201873376.2269
281465201873376.2283
281465201873376.2287
281465201873376.2319
281465201873376.2345
281465201873376.2395
281465201873376.2405
281465201873376.2435
281465201873376.2441
281465201873376.2455
281465201873376.2489
281465201873376.2503
281465201873376.2539
281465201873376.2547
281465201873376.2551
281465201873376.2561
281465201873376.2575
281465201873376.2587
281465201873376.2657
281465331896800.2671
281465201873376.2673
281465603465696.2701
281465201873376.2711
281465201873376.2715
281465201873376.2781
281465201873376.2785
281465201873376.2789
281465749221856.2811
281465245921760.2839
281465201873376.2843
281465245921760.2853
281465212350944.2857
281465201873376.2885
281465201873376.2969
281465201873376.2999
281465201873376.3023
281465201873376.3035
281465201873376.3079
281465201873376.3083
281465201873376.3101
281465245921760.3121
281465201873376.3139
281465245921760.3189
281465201873376.3193
281465201873376.3217
281465201873376.3251
281465201873376.3269
281465201873376.3295
281465201873376.3299
281465212350944.3305
281465201873376.3363
281465201873376.3397
281465201873376.3417
281465201873376.3421
281465201873376.3443
281465201873376.3467
281465201873376.3495
281465201873376.3499
281465201873376.3505
281465201873376.3557
281465599271392.3573
281465201873376.3577
281465201873376.3601
281465245921760.3649
281465599271392.3683
281465201873376.3687
281465201873376.3691
281465237529056.3707
281465201873376.3715
281465201873376.3729
281465237529056.3735
281465201873376.3757
281465201873376.3761
281465201873376.3795
281465201873376.3819
281465201873376.3825
281465201873376.3833
281465212350944.3837
281465201873376.3857
281465331896800.3883
281465201873376.3913
281465201873376.3931
281466031301088.3937
281465201873376.3961
281465201873376.3967
281465201873376.3969
281465237529056.3977
281465201873376.3995
281465201873376.4003
281465201873376.4017
281465201873376.4021
281465201873376.4025
281465201873376.4081
281465201873376.4089
281465201873376.4107
281465201873376.4161
281465201873376.4185
281465201873376.4193
281466022908384.4199
281465201873376.4225
281465201873376.4231
281465201873376.4251
281465201873376.4305
281465201873376.4317
281465201873376.4383
281465201873376.4467
281465201873376.4483
281465201873376.4489
281465201873376.4497
281465598222816.4505
281465245921760.4509
281465201873376.4573
281465237529056.4577
281465201873376.4587
281465212350944.4641
281465749221856.4675
281465201873376.4717
281465201873376.4779
281465201873376.4815
281465201873376.4821
281465201873376.4917
281465237529056.4981
281465201873376.4987
281465245921760.4993
281465597174240.5013
281465201873376.5075
281465201873376.5081
281465201873376.5097
281465201873376.5101
281465201873376.5111
281465201873376.5115
281465201873376.5119
281465201873376.5129
281465245921760.5135
281465201873376.5153
281465201873376.5203
281465201873376.5231
281465201873376.5237
281466006118880.5273
281465212350944.5277
