281465348682208.6
281465348682208.12
281465348682208.33
281465757614560.37
281465203958240.61
281465237529056.113
281465237529056.119
281465203958240.143
281465203958240.203
281465245921760.231
281465237529056.237
281465203958240.245
281465212350944.253
281465203958240.283
281465203958240.303
281465203958240.311
281465245921760.319
281466015560160.329
281465203958240.377
281465203958240.383
281465203958240.389
281465203958240.395
281465245921760.399
281465203958240.407
281465203958240.417
281465203958240.421
281465203958240.429
281465203958240.445
281465203958240.461
281465203958240.465
281465203958240.473
281465203958240.501
281465203958240.505
281465203958240.551
281465323504096.569
281465203958240.575
281465203958240.585
281465203958240.595
281466007167456.605
281465212350944.615
281465203958240.645
281465203958240.649
281465203958240.671
281465212350944.693
281465203958240.697
281465203958240.713
281465740829152.767
281465203958240.781
281465203958240.799
281465203958240.803
281465749221856.817
281465749221856.835
281465749221856.853
281465749221856.857
281466015560160.861
281465757614560.865
281466015560160.891
281466015560160.897
281465749221856.907
281465203958240.959
281465203958240.963
281465203958240.997
281465203958240.1007
281465203958240.1045
281465203958240.1051
281465203958240.1071
281465203958240.1093
281465203958240.1101
281465203958240.1137
281465203958240.1141
281465203958240.1171
281465203958240.1187
281465203958240.1223
281465203958240.1231
281465203958240.1243
281465203958240.1245
281465203958240.1253
281465203958240.1275
281465203958240.1339
281465203958240.1359
281465203958240.1369
281465203958240.1383
281465212350944.1447
281465203958240.1481
281465203958240.1493
281465237529056.1511
281465203958240.1549
281465612906976.1555
281465203958240.1571
281465749221856.1585
281465203958240.1605
281465203958240.1609
281465203958240.1645
281465203958240.1661
281465203958240.1695
281465203958240.1699
281465203958240.1717
281465203958240.1721
281465203958240.1725
281465203958240.1731
281465203958240.1749
281465203958240.1753
281465203958240.1793
281465203958240.1799
281465237529056.1809
281465203958240.1825
281465203958240.1833
281465203958240.1861
281465203958240.1881
281465203958240.1887
281465203958240.1949
281465203958240.1991
281465203958240.2025
281465203958240.2037
281465203958240.2047
281465203958240.2063
281465203958240.2119
281465203958240.2123
281465203958240.2161
281465203958240.2165
281465237529056.2173
281465201873376.2203
281465201873376.2209
281465201873376.2221
281465201873376.2239
281465201873376.2255
281465201873376.2271
281465201873376.2307
281465201873376.2313
281465201873376.2333
281465201873376.2343
281465201873376.2347
281465201873376.2353
281465201873376.2359
281465201873376.2373
281465201873376.2389
281465237529056.2393
281465237529056.2397
281465628643808.2401
281465201873376.2411
281465201873376.2421
281465201873376.2425
281465331896800.2431
281465201873376.2473
281465201873376.2481
281465201873376.2507
281465201873376.2511
281465331896800.2525
281465201873376.2531
281465201873376.2549
281465201873376.2559
281465201873376.2563
281465201873376.2569
281465201873376.2579
281465201873376.2593
281465201873376.2607
281465201873376.2611
281465201873376.2653
281465201873376.2707
281465201873376.2733
281465201873376.2739
281465201873376.2779
281465201873376.2787
281465201873376.2825
281465245921760.2831
281465201873376.2837
281465201873376.2847
281465323504096.2851
281465201873376.2887
281465201873376.2891
281465237529056.2897
281465201873376.2905
281465245921760.2909
281465201873376.2927
281465201873376.2947
281465201873376.2953
281465323504096.2965
281465237529056.2989
281465201873376.3013
281465201873376.3053
281465201873376.3057
281465220743648.3063
281465201873376.3069
281465201873376.3075
281465201873376.3123
281465201873376.3165
281465201873376.3195
281465201873376.3199
281465237529056.3201
281465201873376.3205
281465201873376.3209
281465201873376.3221
281465212350944.3247
281465237529056.3355
281465201873376.3361
281465245921760.3367
281465201873376.3381
281465201873376.3395
281465201873376.3399
281465237529056.3415
281466014511584.3433
281465749221856.3439
281465201873376.3477
281465201873376.3483
281465201873376.3497
281465201873376.3507
281465201873376.3511
281465237529056.3517
281465220743648.3529
281465201873376.3549
281465212350944.3563
281465201873376.3605
281465201873376.3613
281465220743648.3617
281465237529056.3661
281465201873376.3677
281465201873376.3685
281465212350944.3695
281465201873376.3771
281465201873376.3789
281465201873376.3815
281465201873376.3841
281465245921760.3847
281465201873376.3851
281465201873376.3887
281465201873376.3897
281465201873376.3911
281465201873376.3941
281465245921760.3957
281465201873376.3975
281465237529056.3993
281465201873376.3997
281465201873376.4019
281465201873376.4023
281465201873376.4043
281465201873376.4047
281465201873376.4051
281465749221856.4071
281465997726176.4075
281465201873376.4109
281465201873376.4149
281465201873376.4157
281465201873376.4165
281465201873376.4173
281465201873376.4177
281465245921760.4183
281465201873376.4189
281465201873376.4195
281465615008224.4207
281465201873376.4219
281465201873376.4281
281465201873376.4287
281465201873376.4291
281465201873376.4343
281465201873376.4347
281465201873376.4351
281465201873376.4367
281465201873376.4377
281465201873376.4397
281465201873376.4405
281465201873376.4409
281465201873376.4425
281465201873376.4449
281465201873376.4455
281465201873376.4499
281465201873376.4503
281465201873376.4539
281465201873376.4553
281465201873376.4561
281465201873376.4571
281465201873376.4605
281465201873376.4621
281465201873376.4631
281465201873376.4639
281465201873376.4757
281465201873376.4773
281465245921760.4787
281465605566944.4791
281465201873376.4817
281465201873376.4825
281465201873376.4871
281465201873376.4877
281465201873376.4907
281465201873376.4919
281465201873376.5005
281465220743648.5019
281465597174240.5057
281465201873376.5079
281465201873376.5083
281465201873376.5121
281465201873376.5125
281465201873376.5137
281465201873376.5143
281465201873376.5149
281466014515680.5167
281465201873376.5175
281465597174240.5187
281465201873376.5191
281465201873376.5243
281465201873376.5249
281465749221856.5275
281465596125664.5279
281466031301088.5285
