281465203958240.67
281465203958240.97
281465203958240.105
281465203958240.111
281465203958240.117
281465237529056.121
281465203958240.129
281465203958240.141
281465203958240.225
281465203958240.229
281465203958240.233
281465212350944.243
281465237529056.315
281465203958240.333
281465203958240.337
281465203958240.359
281465203958240.371
281465212350944.385
281465203958240.427
281465203958240.443
281465203958240.495
281465203958240.499
281465203958240.511
281465203958240.517
281465203958240.525
281465245921760.535
281465203958240.579
281465245921760.589
281465203958240.661
281465203958240.707
281465203958240.721
281465203958240.725
281465203958240.733
281465203958240.761
281465203958240.763
281465203958240.777
281465203958240.783
281465203958240.805
281465749221856.829
281465749221856.863
281465749221856.875
281465749221856.885
281465749221856.911
281465749221856.915
281465749221856.925
281465749221856.937
281465749221856.951
281465203958240.979
281465203958240.1003
281465237529056.1013
281465237529056.1055
281465203958240.1091
281465323504096.1109
281465203958240.1113
281465638085088.1133
281465203958240.1149
281465203958240.1153
281465237529056.1183
281465203958240.1197
281465203958240.1207
281466032349664.1215
281465203958240.1227
281465203958240.1249
281465203958240.1257
281465212350944.1281
281465323504096.1341
281465203958240.1413
281465203958240.1421
281465220743648.1433
281465203958240.1439
281465203958240.1507
281465203958240.1533
281465203958240.1537
281465212350944.1565
281465998774752.1583
281465203958240.1597
281465603465696.1643
281465237529056.1667
281465203958240.1673
281465203958240.1677
281465203958240.1681
281465203958240.1685
281465203958240.1789
281465203958240.1805
281465203958240.1891
281465203958240.1905
281465203958240.1943
281465203958240.1971
281465220743648.2069
281465203958240.2115
281465203958240.2153
281465203958240.2157
281465603465696.2201
281465201873376.2215
281465645429216.2233
281465201873376.2245
281465603465696.2249
281465201873376.2253
281465620251104.2257
281465201873376.2261
281465201873376.2267
281465603465696.2275
281465331896800.2279
281465201873376.2325
281465201873376.2357
281465201873376.2365
281465201873376.2409
281465201873376.2413
281465201873376.2419
281465201873376.2433
281465201873376.2445
281465201873376.2449
281465201873376.2459
281465201873376.2471
281465331896800.2479
281465201873376.2483
281465201873376.2487
281465201873376.2491
281465201873376.2497
281465201873376.2501
281465201873376.2521
281465201873376.2533
281465201873376.2583
281465201873376.2603
281465201873376.2703
281465201873376.2709
281465201873376.2725
281465201873376.2731
281466030248416.2813
281465201873376.2819
281465229136352.2823
281465237529056.2841
281465201873376.2845
281465237529056.2849
281465201873376.2863
281465237529056.2865
281465237529056.2889
281465201873376.2911
281465626546656.2925
281465201873376.2929
281465201873376.2933
281465212350944.2945
281465201873376.2955
281465201873376.2991
281465201873376.3039
281465201873376.3065
281465229136352.3095
281465201873376.3127
281465201873376.3131
281465201873376.3167
281465245921760.3175
281465245921760.3191
281465201873376.3213
281465201873376.3223
281465323504096.3289
281465201873376.3293
281465201873376.3319
281465201873376.3323
281465201873376.3327
281465201873376.3347
281465229136352.3357
281465237529056.3379
281465201873376.3393
281465237529056.3401
281465201873376.3423
281465749221856.3435
281465237529056.3449
281465201873376.3473
281465201873376.3509
281465201873376.3527
281465201873376.3561
281465201873376.3575
281465245921760.3631
281465201873376.3653
281465201873376.3705
281465237529056.3713
281465201873376.3739
281465201873376.3765
281465201873376.3787
281465201873376.3809
281465201873376.3829
281465201873376.3871
281465201873376.3885
281465201873376.3903
281465201873376.3907
281465201873376.3909
281465201873376.3927
281465245921760.3935
281465201873376.3939
281465201873376.3999
281465201873376.4027
281465201873376.4033
281465749221856.4069
281465615008224.4093
281465201873376.4101
281465201873376.4111
281465201873376.4163
281465201873376.4187
281465212350944.4191
281465201873376.4211
281465201873376.4249
281465201873376.4289
281465201873376.4353
281465237529056.4357
281465201873376.4375
281465201873376.4379
281465201873376.4391
281465201873376.4411
281465201873376.4435
281465201873376.4447
281465201873376.4453
281465201873376.4461
281465201873376.4465
281465201873376.4513
281465201873376.4517
281465212350944.4521
281465201873376.4525
281465201873376.4535
281465201873376.4541
281465201873376.4551
281465201873376.4563
281465201873376.4569
281465245921760.4607
281465201873376.4613
281465201873376.4635
281465201873376.4647
281466022908384.4651
281465201873376.4715
281465212350944.4721
281465323504096.4727
281465201873376.4743
281465201873376.4789
281465237529056.4823
281465323504096.4829
281465201873376.4889
281465201873376.4905
281465201873376.4927
281465201873376.4947
281465201873376.4951
281465323504096.4985
281465201873376.4995
281465201873376.4999
281465237529056.5001
281465639137760.5025
281465201873376.5035
281465201873376.5053
281465201873376.5113
281465201873376.5117
281465245921760.5133
281465201873376.5139
281465201873376.5171
281465201873376.5189
281465201873376.5215
281465201873376.5247
281465749221856.5269
281465201873376.5283
