281465749221856.45
281465203958240.77
281465203958240.81
281465237529056.89
281465323504096.101
281465237529056.127
281465203958240.153
281465203958240.161
281465203958240.201
281465203958240.205
281465203958240.239
281465203958240.251
281465220743648.259
281465203958240.263
281465203958240.271
281465203958240.277
281465203958240.317
281465245921760.325
281465203958240.369
281465203958240.375
281465203958240.381
281465203958240.411
281465203958240.425
281465203958240.459
281465203958240.463
281465203958240.467
281465203958240.483
281465245921760.491
281465203958240.519
281465203958240.529
281465348682208.541
281465203958240.545
281465203958240.553
281465203958240.557
281465203958240.571
281465245921760.583
281465203958240.599
281465203958240.611
281465203958240.635
281465203958240.639
281465203958240.651
281465203958240.659
281465203958240.669
281465237529056.675
281465203958240.699
281465203958240.717
281465203958240.735
281465203958240.759
281465203958240.771
281465245921760.785
281465749221856.831
281465749221856.837
281465749221856.845
281465749221856.939
281465749221856.947
281465203958240.957
281465203958240.969
281465237529056.1011
281465203958240.1025
281465203958240.1029
281465203958240.1039
281465245921760.1049
281465203958240.1057
281465203958240.1061
281465220743648.1067
281465203958240.1073
281465203958240.1117
281465237529056.1127
281465203958240.1131
281465203958240.1151
281465237529056.1157
281465621299680.1175
281465203958240.1193
281465203958240.1201
281465203958240.1205
281465203958240.1213
281465212350944.1219
281465203958240.1221
281465203958240.1255
281465203958240.1269
281465203958240.1273
281465203958240.1287
281465245921760.1291
281465203958240.1323
281465203958240.1345
281465203958240.1349
281465203958240.1371
281465203958240.1407
281465203958240.1411
281465237529056.1423
281465203958240.1425
281465203958240.1445
281465245921760.1483
281465203958240.1497
281466032349664.1545
281465203958240.1563
281465203958240.1599
281465212350944.1607
281465203958240.1611
281465237529056.1693
281465203958240.1697
281465645429216.1701
281465245921760.1705
281465203958240.1711
281465203958240.1729
281465203958240.1739
281465212350944.1751
281465203958240.1759
281465237529056.1761
281465203958240.1769
281465203958240.1779
281465203958240.1783
281465203958240.1785
281465203958240.1795
281465203958240.1797
281465203958240.1807
281465203958240.1847
281465203958240.1851
281465203958240.1855
281465203958240.1885
281465212350944.1907
281465203958240.1911
281465203958240.1921
281465245921760.1925
281465203958240.1931
281465203958240.1979
281465203958240.1985
281465203958240.2001
281465203958240.2029
281465203958240.2035
281465203958240.2043
281465212350944.2065
281465203958240.2085
281465203958240.2109
281465611858400.2113
281465203958240.2141
281465203958240.2175
281465203958240.2179
281465203958240.2187
281465203958240.2191
281465201873376.2207
281465201873376.2219
281465201873376.2223
281465201873376.2259
281465201873376.2277
281465331896800.2331
281465201873376.2349
281465201873376.2361
281465603465696.2369
281465201873376.2377
281465201873376.2415
281465201873376.2461
281465201873376.2465
281465603465696.2485
281465201873376.2495
281465201873376.2515
281465201873376.2553
281465603465696.2557
281465201873376.2573
281465201873376.2581
281465331896800.2589
281465201873376.2651
281465331896800.2669
281465201873376.2681
281465628643808.2719
281465749221856.2815
281465201873376.2827
281465201873376.2869
281465201873376.2873
281465201873376.2895
281465201873376.2903
281465201873376.2939
281465201873376.2961
281465201873376.3005
281465201873376.3011
281465237529056.3019
281465201873376.3031
281465201873376.3033
281465201873376.3037
281465201873376.3049
281465229136352.3061
281465201873376.3073
281465201873376.3085
281465220743648.3099
281465201873376.3137
281465201873376.3173
281465237529056.3179
281465201873376.3183
281465201873376.3187
281465201873376.3197
281465201873376.3211
281465201873376.3245
281465201873376.3265
281465201873376.3291
281465237529056.3303
281465201873376.3307
281465220743648.3317
281465201873376.3333
281465201873376.3339
281465201873376.3343
281465201873376.3345
281465201873376.3349
281465201873376.3353
281465201873376.3359
281465212350944.3375
281465201873376.3383
281465245921760.3387
281465237529056.3403
281465997726176.3429
281465749221856.3437
281465201873376.3441
281465201873376.3471
281465201873376.3479
281465616056800.3501
281465237529056.3515
281465201873376.3519
281465201873376.3525
281465201873376.3533
281465201873376.3553
281465201873376.3567
281465201873376.3585
281465201873376.3591
281465201873376.3619
281465201873376.3625
281465201873376.3633
281465201873376.3637
281465201873376.3647
281465201873376.3657
281465201873376.3663
281465237529056.3667
281465201873376.3671
281465201873376.3693
281465212350944.3697
281465212350944.3703
281465201873376.3731
281465599271392.3753
281465245921760.3793
281465201873376.3801
281465201873376.3831
281465201873376.3863
281465220743648.3869
281465201873376.3873
281465201873376.3879
281465212350944.3891
281465212350944.3905
281466031301088.3915
281465201873376.3925
281465201873376.3963
281465201873376.3971
281465201873376.4011
281465201873376.4041
281465749221856.4065
281465201873376.4079
281465201873376.4085
281465201873376.4103
281465201873376.4213
281465331896800.4229
281465201873376.4255
281465640186336.4315
281465201873376.4319
281465201873376.4323
281465201873376.4345
281465201873376.4349
281465237529056.4355
281465201873376.4359
281465201873376.4363
281465201873376.4365
281465201873376.4369
281465201873376.4403
281465201873376.4431
281465201873376.4439
281465201873376.4445
281465201873376.4451
281465201873376.4471
281465201873376.4473
281465201873376.4491
281465201873376.4495
281465201873376.4515
281465201873376.4531
281465201873376.4557
281465201873376.4609
281465201873376.4615
281465201873376.4619
281465212350944.4625
281466453881312.4665
281465201873376.4699
281465245921760.4713
281465201873376.4731
281465201873376.4755
281465201873376.4781
281465201873376.4785
281465201873376.4795
281465201873376.4875
281465201873376.4887
281465201873376.4897
281465201873376.4903
281465201873376.4913
281465201873376.4929
281465201873376.4937
281465201873376.4949
281465245921760.4989
281465201873376.5011
281465201873376.5021
281465201873376.5027
281465201873376.5031
281465201873376.5049
281465201873376.5073
281465201873376.5099
281465201873376.5105
281465237529056.5123
281465212350944.5155
281465201873376.5169
281465237529056.5173
281465201873376.5181
281465201873376.5185
281465201873376.5213
281465201873376.5229
281465757614560.5265
