281465766007264.18
281466015560160.49
281465203958240.63
281465203958240.145
281465203958240.149
281465323504096.219
281465203958240.257
281465203958240.261
281465203958240.269
281465203958240.281
281465203958240.301
281465237529056.313
281465212350944.321
281465203958240.345
281465203958240.365
281465203958240.367
281465203958240.373
281465203958240.405
281465203958240.419
281465203958240.433
281465203958240.439
281465203958240.453
281465203958240.471
281465203958240.475
281465203958240.481
281465203958240.487
281466015560160.497
281465203958240.515
281465237529056.523
281465203958240.527
281465203958240.531
281465203958240.537
281465203958240.555
281465203958240.573
281465245921760.587
281465203958240.591
281465245921760.631
281465203958240.653
281465203958240.655
281465203958240.677
281465229136352.727
281465203958240.731
281465245921760.755
281465203958240.809
281465749221856.841
281465749221856.847
281465749221856.855
281466437095904.859
281465749221856.867
281465749221856.877
281465749221856.881
281466970948064.923
281465749221856.941
281465749221856.945
281465203958240.975
281465203958240.995
281465203958240.1033
281465203958240.1043
281465203958240.1047
281465203958240.1059
281465203958240.1063
281465203958240.1089
281465203958240.1095
281465203958240.1123
281465203958240.1169
281465203958240.1177
281465203958240.1181
281465203958240.1195
281465237529056.1203
281465229136352.1211
281465203958240.1233
281465203958240.1279
281465203958240.1285
281465323504096.1335
281465203958240.1351
281465203958240.1355
281465203958240.1365
281466032349664.1385
281465203958240.1401
281465212350944.1405
281465203958240.1427
281465245921760.1435
281465203958240.1449
281465203958240.1479
281465203958240.1485
281465203958240.1489
281465203958240.1515
281465245921760.1569
281465203958240.1615
281465203958240.1651
281465323504096.1671
281465203958240.1679
281465645429216.1683
281465203958240.1741
281465203958240.1745
281465203958240.1757
281465203958240.1763
281465203958240.1777
281465203958240.1787
281465203958240.1791
281465203958240.1813
281465203958240.1821
281465203958240.1837
281465203958240.1857
281465203958240.1939
281465203958240.1965
281465203958240.1973
281465203958240.1981
281465237529056.1993
281465203958240.2013
281465212350944.2071
281465203958240.2091
281465203958240.2143
281465203958240.2155
281465201873376.2199
281465201873376.2213
281465603465696.2227
281465201873376.2231
281465201873376.2237
281465201873376.2317
281465201873376.2321
281465201873376.2355
281465201873376.2363
281465201873376.2379
281465201873376.2383
281465603465696.2385
281465237529056.2399
281465201873376.2429
281465201873376.2451
281465201873376.2463
281465201873376.2469
281465603465696.2505
281465201873376.2517
281465201873376.2537
281465201873376.2567
281465201873376.2601
281465201873376.2605
281465331896800.2661
281465603465696.2677
281465201873376.2699
281465201873376.2729
281465201873376.2743
281465201873376.2773
281465331896800.2777
281465201873376.2783
281465201873376.2791
281465237529056.2821
281465201873376.2855
281465201873376.2859
281465245921760.2901
281465201873376.2943
281465643332064.2959
281465201873376.2985
281465201873376.2993
281465201873376.3015
281465201873376.3051
281465201873376.3055
281465201873376.3103
281465201873376.3117
281465201873376.3135
281465201873376.3171
281465201873376.3207
281465245921760.3215
281465245921760.3239
281465323504096.3255
281466021859808.3261
281465201873376.3329
281465201873376.3341
281465201873376.3369
281465201873376.3445
281465201873376.3469
281465237529056.3489
281465201873376.3493
281465201873376.3523
281465201873376.3531
281465201873376.3537
281465201873376.3579
281465201873376.3583
281465201873376.3589
281465201873376.3599
281465201873376.3609
281465201873376.3621
281465201873376.3635
281465201873376.3639
281465201873376.3645
281465201873376.3675
281465599271392.3679
281465201873376.3701
281465201873376.3709
281465201873376.3759
281465201873376.3763
281465201873376.3767
281465237529056.3783
281465201873376.3797
281465607664096.3803
281465201873376.3811
281465201873376.3813
281465201873376.3827
281465201873376.3835
281465201873376.3845
281465201873376.3867
281465201873376.3921
281465201873376.3943
281465201873376.3959
281465245921760.4009
281465201873376.4013
281465201873376.4031
281465201873376.4045
281465201873376.4049
281465201873376.4083
281465245921760.4099
281465201873376.4159
281465237529056.4167
281465201873376.4175
281465201873376.4197
281465201873376.4205
281465237529056.4217
281465201873376.4245
281465245921760.4253
281466031301088.4283
281465201873376.4309
281465201873376.4325
281465201873376.4341
281465201873376.4387
281465245921760.4389
281465201873376.4393
281465201873376.4401
281465201873376.4457
281465201873376.4463
281465201873376.4469
281465201873376.4485
281465201873376.4519
281465201873376.4543
281465201873376.4545
281465201873376.4565
281465201873376.4617
281465201873376.4623
281465201873376.4633
281465201873376.4643
281465220743648.4695
281465201873376.4725
281465613959648.4729
281465201873376.4733
281465201873376.4783
281465201873376.4809
281465212350944.4819
281465201873376.4869
281465201873376.4881
281465201873376.4895
281465201873376.4899
281465201873376.4911
281465201873376.4915
281465201873376.4921
281465201873376.4941
281465201873376.4945
281465212350944.5015
281465201873376.5109
281465597174240.5157
281465201873376.5163
281465201873376.5235
281465201873376.5239
281465201873376.5251
281465220743648.5281
