281464599978464.37
281464599978464.55
281464599978464.65
281464599978464.87
281464599978464.93
281464599978464.115
281464599978464.155
281464599978464.215
281464599978464.231
281464599978464.257
281464599978464.263
281464633549280.289
281464599978464.293
281464599978464.311
281464599978464.315
281464599978464.323
281464633549280.341
281464599978464.357
281464599978464.369
281464599978464.389
281464599978464.405
281464599978464.413
281464599978464.419
281464599978464.467
281464599978464.471
281464599978464.475
281464599978464.491
281464599978464.495
281464599978464.593
281464599978464.623
281464599978464.633
281464599978464.637
281464599978464.725
281464599978464.731
281464599978464.739
281464599978464.749
281464599978464.759
281464599978464.763
281464599978464.783
281464599978464.789
281464731062752.803
281465629692384.823
281465596121568.827
281465596121568.839
281465596121568.843
281465629692384.853
281465596121568.897
281465604514272.907
281465604514272.921
281465596121568.937
281464599978464.987
281464599978464.995
281464599978464.999
281464599978464.1025
281464599978464.1039
281464599978464.1045
281464599978464.1049
281464599978464.1071
281464599978464.1159
281464599978464.1187
281464599978464.1191
281464599978464.1259
281464599978464.1263
281464616763872.1283
281464599978464.1287
281464641941984.1309
281464817041888.1313
281464722670048.1317
281464616763872.1321
281464599978464.1327
281464599978464.1371
281464599978464.1397
281464599978464.1403
281464599978464.1415
281464599978464.1425
281464599978464.1439
281464599978464.1469
281464599978464.1497
281464599978464.1505
281464599978464.1531
281464599978464.1543
281464599978464.1563
281464599978464.1567
281465630740960.1585
281464633549280.1597
281464599978464.1625
281464599978464.1643
281464599978464.1647
281464599978464.1657
281464599978464.1669
281464599978464.1673
281464599978464.1697
281464599978464.1761
281464633549280.1789
281464599978464.1793
281464599978464.1809
281464599978464.1813
281464633549280.1819
281464599978464.1839
281464599978464.1865
281465630740960.1911
281464591585760.1915
281464841171424.1923
281464591585760.1937
281464591585760.1941
281464591585760.1945
281464591585760.2029
281464591585760.2033
281464591585760.2053
281464591585760.2059
281464591585760.2061
281464591585760.2075
281464599978464.2109
281464591585760.2113
281464591585760.2119
281464591585760.2133
281464591585760.2163
281464591585760.2177
281465597170144.2219
281465086525920.2223
281465086525920.2227
281464599978464.2243
281464599978464.2249
281464599978464.2263
281464599978464.2291
281464599978464.2349
281464599978464.2355
281464599978464.2389
281464599978464.2395
281464731062752.2399
281464599978464.2403
281464633549280.2423
281464599978464.2433
281464599978464.2455
281464599978464.2521
281464599978464.2535
281464599978464.2551
281464599978464.2565
281464599978464.2585
281464633549280.2599
281464731062752.2621
281464599978464.2637
281464599978464.2643
281464599978464.2661
281464599978464.2679
281464599978464.2695
281464599978464.2731
281464599978464.2749
281464599978464.2759
281464599978464.2785
281464633549280.2789
281464599978464.2829
281464599978464.2835
281464599978464.2873
281464599978464.2879
281464633549280.2895
281464812847584.2917
281464599978464.2921
281464599978464.2925
281464641941984.2929
281464599978464.2985
281464616763872.3027
281464625156576.3045
281464599978464.3051
281464599978464.3077
281464599978464.3125
281464599978464.3129
281464599978464.3137
281464599978464.3239
281464599978464.3271
281464599978464.3279
281464641941984.3287
281464599978464.3323
281464599978464.3327
281464599978464.3373
281464599978464.3377
281464599978464.3399
281464599978464.3413
281464599978464.3453
281464599978464.3479
281464599978464.3517
281464599978464.3529
281464599978464.3533
281464599978464.3539
281464599978464.3551
281464599978464.3561
281464599978464.3619
281464599978464.3621
281464599978464.3643
281464599978464.3653
281464599978464.3707
281464599978464.3711
281464599978464.3715
281464599978464.3727
281464599978464.3775
281464599978464.3813
281464599978464.3845
281464633549280.3853
281464633549280.3857
281464599978464.3887
281464633549280.3921
281464599978464.3925
281464599978464.3929
281464641941984.3937
281464599978464.3961
281464599978464.3979
281464633549280.4017
281464599978464.4023
281464599978464.4029
281464599978464.4069
281464599978464.4077
281464608371168.4083
281464599978464.4097
281465597170144.4121
281464633549280.4173
281464633549280.4177
281464599978464.4191
281464641941984.4213
281464599978464.4229
281464722670048.4241
281464599978464.4355
281464599978464.4363
281464599978464.4387
281464599978464.4407
281464599978464.4411
281464599978464.4417
281464599978464.4437
281464641941984.4497
281464608371168.4501
281464599978464.4525
281464599978464.4573
281464599978464.4583
281464599978464.4587
281464599978464.4631
281464599978464.4637
281464599978464.4653
281464793965024.4657
281464599978464.4665
281464599978464.4669
281464599978464.4679
281464599978464.4683
281464599978464.4687
281464599978464.4695
281464599978464.4699
281465597170144.4703
281464599978464.4715
281464599978464.4719
281464599978464.4723
281464641941984.4725
281464599978464.4787
281464608371168.4791
281464599978464.4799
281464599978464.4811
281465639133664.4819
281464591585760.4829
281464591585760.4837
281464591585760.4841
281464591585760.4865
281464591585760.4883
281464591585760.4933
281464591585760.4957
281464591585760.4961
281464818094560.4971
281464591585760.4981
281464591585760.4985
281464591585760.5047
281464591585760.5053
281464591585760.5065
281464591585760.5069
281464591585760.5083
281464591585760.5093
281464591585760.5099
281464591585760.5115
281464616763872.5121
281464599978464.5125
281464591585760.5129
281464633549280.5137
281464633549280.5141
281464591585760.5185
281464801309152.5189
281464591585760.5207
281464722670048.5267
281464591585760.5271
281464591585760.5275
