281464747848160.6
281464747848160.22
281465605562848.69
281464599978464.73
281464599978464.77
281464599978464.103
281464599978464.143
281465630740960.153
281464599978464.255
281464641941984.271
281464722670048.303
281464599978464.371
281464599978464.375
281464599978464.381
281464599978464.397
281464599978464.401
281464599978464.425
281464599978464.427
281464599978464.451
281464599978464.455
281464608371168.463
281464599978464.487
281464599978464.517
281464599978464.521
281464731062752.531
281464599978464.543
281464608371168.569
281464599978464.583
281464599978464.587
281464599978464.621
281464599978464.663
281464599978464.667
281464599978464.679
281464616763872.685
281464599978464.701
281464608371168.757
281464608371168.767
281464599978464.773
281464599978464.781
281464641941984.805
281465596121568.847
281465596121568.883
281465596121568.893
281465596121568.913
281464599978464.1009
281464599978464.1013
281465629692384.1067
281464599978464.1075
281464599978464.1081
281464633549280.1135
281464599978464.1139
281464599978464.1183
281464599978464.1185
281464599978464.1189
281464599978464.1193
281464608371168.1205
281464599978464.1237
281464599978464.1241
281464599978464.1267
281464599978464.1323
281464599978464.1369
281464599978464.1379
281464599978464.1389
281464608371168.1437
281464633549280.1465
281464599978464.1473
281464599978464.1525
281464599978464.1529
281464599978464.1537
281464599978464.1549
281464599978464.1603
281464633549280.1623
281464599978464.1627
281464599978464.1661
281464599978464.1667
281464599978464.1671
281464599978464.1695
281464599978464.1709
281464599978464.1731
281464599978464.1747
281464599978464.1749
281464815993312.1763
281464599978464.1767
281464599978464.1771
281464599978464.1773
281464599978464.1777
281464599978464.1841
281464599978464.1859
281464599978464.1869
281464599978464.1873
281464599978464.1877
281464633549280.1885
281464591585760.1895
281464591585760.1905
281464591585760.1957
281464591585760.1973
281464591585760.1983
281464591585760.1987
281464591585760.2023
281464815993312.2037
281464599978464.2087
281464591585760.2093
281464591585760.2141
281464591585760.2147
281464591585760.2153
281464591585760.2165
281464591585760.2191
281464591585760.2193
281464841171424.2199
281464599978464.2253
281464599978464.2257
281464599978464.2277
281464599978464.2295
281464599978464.2317
281464599978464.2323
281464599978464.2331
281464599978464.2379
281464633549280.2383
281464599978464.2401
281464599978464.2427
281464599978464.2445
281464599978464.2459
281464599978464.2463
281464608371168.2487
281464633549280.2499
281464599978464.2513
281464599978464.2517
281464599978464.2555
281464599978464.2563
281464722670048.2567
281464599978464.2571
281464599978464.2631
281464599978464.2677
281464599978464.2681
281464599978464.2701
281464641941984.2705
281464599978464.2723
281464599978464.2727
281464599978464.2753
281464599978464.2797
281464599978464.2803
281464599978464.2815
281464599978464.2819
281464641941984.2845
281465597170144.2859
281464599978464.2893
281464641941984.2907
281464599978464.2945
281464599978464.2981
281464599978464.3005
281464599978464.3021
281464599978464.3035
281464599978464.3039
281464731062752.3049
281464599978464.3055
281464599978464.3057
281464599978464.3087
281464599978464.3119
281464641941984.3123
281464599978464.3127
281464599978464.3145
281464599978464.3153
281464599978464.3159
281464599978464.3167
281464599978464.3175
281464633549280.3179
281464599978464.3187
281464641941984.3189
281464633549280.3201
281464608371168.3227
281464599978464.3237
281464633549280.3253
281464599978464.3257
281464599978464.3263
281464599978464.3267
281464599978464.3289
281464599978464.3295
281464829632992.3299
281464599978464.3331
281464599978464.3409
281464599978464.3431
281464599978464.3435
281464821240288.3439
281465639133664.3447
281464812847584.3451
281464722670048.3459
281464599978464.3471
281465597170144.3489
281465597170144.3493
281465597170144.3497
281464641941984.3513
281464599978464.3599
281464599978464.3623
281464633549280.3627
281464599978464.3641
281464599978464.3645
281464599978464.3689
281465639133664.3709
281464641941984.3713
281464599978464.3767
281464599978464.3787
281464616763872.3835
281464599978464.3839
281464599978464.3851
281464599978464.3885
281464599978464.3941
281464599978464.3971
281464599978464.3981
281464599978464.3987
281464722670048.4001
281464599978464.4027
281464616763872.4043
281464599978464.4067
281464599978464.4071
281464599978464.4075
281464641941984.4085
281464599978464.4091
281465597170144.4113
281464641941984.4139
281464599978464.4143
281464722670048.4195
281464599978464.4275
281464608371168.4319
281464599978464.4349
281464599978464.4385
281464599978464.4401
281464599978464.4405
281464633549280.4435
281464599978464.4477
281464599978464.4559
281464599978464.4563
281464599978464.4569
281464599978464.4593
281464599978464.4597
281464599978464.4605
281464599978464.4615
281465630740960.4643
281464599978464.4651
281464599978464.4661
281464599978464.4713
281464599978464.4729
281464599978464.4733
281464599978464.4749
281464599978464.4753
281464599978464.4759
281464599978464.4765
281464599978464.4769
281464591585760.4821
281464591585760.4853
281464591585760.4959
281464591585760.4965
281464591585760.4969
281464591585760.4973
281464591585760.4983
281464591585760.5013
281464591585760.5017
281464591585760.5021
281464591585760.5059
281464591585760.5087
281464616763872.5091
281464591585760.5109
281464591585760.5123
281464591585760.5127
281464591585760.5145
281464591585760.5177
281464591585760.5229
281464591585760.5301
281464591585760.5305
281464591585760.5313
281464591585760.5321
281465086525920.5327
281464599978464.5337
281464825438688.5341
