281464599978464.59
281464599978464.71
281464599978464.75
281464599978464.91
281464599978464.133
281464599978464.157
281464599978464.219
281464599978464.223
281464599978464.233
281464599978464.237
281465622348256.241
281464599978464.245
281464599978464.249
281464599978464.253
281464599978464.299
281464599978464.355
281464599978464.359
281464599978464.363
281464599978464.373
281464599978464.379
281464599978464.383
281464599978464.393
281465086525920.403
281464599978464.409
281464641941984.415
281464641941984.421
281464599978464.443
281464599978464.447
281464599978464.479
281464599978464.483
281464599978464.505
281464599978464.509
281464599978464.545
281465069740512.551
281464599978464.573
281464599978464.601
281464599978464.605
281464599978464.613
281464599978464.649
281464599978464.655
281464599978464.681
281464599978464.689
281464599978464.693
281464599978464.697
281464641941984.703
281464616763872.709
281464599978464.717
281464599978464.723
281464608371168.727
281464599978464.733
281464599978464.737
281464599978464.745
281464599978464.769
281464599978464.779
281465069740512.787
281464599978464.791
281465596121568.817
281465604514272.831
281466607477216.863
281465596121568.909
281465596121568.917
281465596121568.935
281465596121568.947
281464599978464.957
281464599978464.965
281464599978464.969
281464599978464.983
281464599978464.993
281464599978464.1001
281464608371168.1031
281464599978464.1037
281464599978464.1061
281464599978464.1087
281464599978464.1091
281464599978464.1097
281464599978464.1103
281464599978464.1143
281464599978464.1147
281464599978464.1153
281464599978464.1157
281464599978464.1169
281464599978464.1177
281464599978464.1199
281464599978464.1223
281464599978464.1291
281464599978464.1295
281464599978464.1299
281464599978464.1329
281464599978464.1333
281464599978464.1337
281464599978464.1361
281464599978464.1391
281464599978464.1407
281464641941984.1453
281464599978464.1461
281464599978464.1471
281464599978464.1477
281464599978464.1485
281464599978464.1489
281464599978464.1499
281464599978464.1503
281465866625504.1533
281464641941984.1545
281464599978464.1551
281464599978464.1559
281464599978464.1617
281464599978464.1621
281464599978464.1663
281464633549280.1675
281464599978464.1677
281464599978464.1681
281464599978464.1685
281464633549280.1769
281464599978464.1783
281465639133664.1795
281464815993312.1811
281464599978464.1815
281464599978464.1843
281464599978464.1853
281464591585760.1929
281464591585760.1935
281464591585760.1943
281464591585760.1953
281464591585760.1981
281464599978464.2027
281464591585760.2031
281464591585760.2043
281464625156576.2081
281464591585760.2115
281464591585760.2139
281464591585760.2145
281464591585760.2151
281464633549280.2159
281464591585760.2173
281464633549280.2181
281464633549280.2185
281464599978464.2231
281464599978464.2237
281464599978464.2245
281464599978464.2259
281464599978464.2287
281464599978464.2293
281464599978464.2327
281464599978464.2351
281464599978464.2359
281464599978464.2361
281464599978464.2365
281464599978464.2397
281464599978464.2405
281464599978464.2411
281464599978464.2417
281464599978464.2441
281464599978464.2449
281464599978464.2493
281464633549280.2497
281464599978464.2503
281464625156576.2515
281464599978464.2523
281464641941984.2531
281465639133664.2545
281464599978464.2549
281464599978464.2559
281464599978464.2593
281464599978464.2615
281464599978464.2635
281464599978464.2647
281464599978464.2665
281464599978464.2673
281464599978464.2683
281464599978464.2687
281464599978464.2691
281464599978464.2719
281464599978464.2721
281464599978464.2737
281464599978464.2757
281464599978464.2765
281464633549280.2787
281464599978464.2791
281464599978464.2807
281464599978464.2813
281464599978464.2841
281464599978464.2847
281464599978464.2851
281464599978464.2875
281464608371168.2887
281464796062176.2901
281464599978464.2915
281464599978464.2931
281464599978464.2943
281464599978464.2977
281464812847584.2995
281464599978464.3001
281464599978464.3011
281464633549280.3041
281464599978464.3061
281464599978464.3085
281464599978464.3135
281464599978464.3151
281464599978464.3243
281464599978464.3261
281464599978464.3265
281464599978464.3281
281464599978464.3321
281464599978464.3367
281464599978464.3375
281464599978464.3379
281464599978464.3397
281464599978464.3403
281464599978464.3405
281464599978464.3415
281464599978464.3443
281464599978464.3449
281464599978464.3463
281464599978464.3467
281464633549280.3527
281464599978464.3575
281464599978464.3587
281464599978464.3591
281464599978464.3597
281464599978464.3603
281464633549280.3649
281464599978464.3659
281464599978464.3675
281464599978464.3699
281464599978464.3703
281464599978464.3705
281464599978464.3751
281464599978464.3765
281464599978464.3817
281464599978464.3821
281464641941984.3861
281464599978464.3871
281464599978464.3873
281464599978464.3877
281464599978464.3893
281464599978464.3945
281464599978464.3951
281464599978464.3955
281464599978464.3965
281464599978464.3969
281464599978464.3983
281464633549280.4025
281464599978464.4031
281464599978464.4035
281464599978464.4089
281464599978464.4093
281464599978464.4101
281464599978464.4105
281464599978464.4109
281464599978464.4137
281464810750432.4161
281464599978464.4189
281464599978464.4211
281464599978464.4231
281464599978464.4273
281464633549280.4277
281464599978464.4331
281464599978464.4335
281464599978464.4339
281464599978464.4343
281464599978464.4351
281464599978464.4359
281464599978464.4367
281464599978464.4371
281464599978464.4377
281464608371168.4381
281464599978464.4443
281464608371168.4505
281464599978464.4535
281464599978464.4589
281464641941984.4599
281464599978464.4609
281464599978464.4617
281464599978464.4639
281464641941984.4645
281464599978464.4721
281464599978464.4735
281464599978464.4751
281464599978464.4775
281464599978464.4779
281464599978464.4783
281464599978464.4795
281464599978464.4803
281464801309152.4807
281464599978464.4815
281464625156576.4823
281464625156576.4827
281464591585760.4839
281464591585760.4861
281464591585760.4879
281464616763872.4889
281464591585760.4967
281464591585760.4987
281464608371168.5039
281464591585760.5055
281464591585760.5071
281464591585760.5095
281464591585760.5131
281464633549280.5139
281464591585760.5147
281464591585760.5151
281464591585760.5193
281464591585760.5215
281464591585760.5307
281465086525920.5329
281465086525920.5333
281464599978464.5347
