281464747848160.33
281464599978464.109
281464599978464.127
281464633549280.161
281464599978464.207
281464599978464.267
281464599978464.287
281464599978464.309
281464599978464.313
281464599978464.321
281464599978464.331
281464599978464.335
281464599978464.347
281464599978464.351
281464599978464.367
281464599978464.429
281464599978464.433
281464633549280.437
281464599978464.439
281464608371168.473
281464633549280.477
281464599978464.503
281464641941984.513
281464633549280.525
281464616763872.533
281465086525920.557
281464599978464.561
281464599978464.565
281464599978464.591
281464599978464.617
281464599978464.743
281464599978464.765
281464599978464.775
281464599978464.793
281465596121568.821
281465596121568.835
281465596121568.841
281465596121568.891
281465596121568.927
281465596121568.941
281465596121568.945
281465596121568.953
281464641941984.975
281464599978464.1021
281464599978464.1055
281464599978464.1077
281464599978464.1085
281464599978464.1099
281464599978464.1113
281464599978464.1129
281464599978464.1149
281464599978464.1161
281464599978464.1175
281464599978464.1179
281464599978464.1209
281464641941984.1213
281464599978464.1235
281464599978464.1239
281464599978464.1269
281464599978464.1273
281464599978464.1277
281464599978464.1281
281464825434592.1285
281464599978464.1297
281464599978464.1305
281464641941984.1355
281464599978464.1359
281464599978464.1375
281464599978464.1381
281464599978464.1387
281464599978464.1399
281464616763872.1413
281464599978464.1419
281464641941984.1449
281464599978464.1509
281464599978464.1513
281464599978464.1521
281464599978464.1541
281464599978464.1553
281464599978464.1565
281465597170144.1589
281464633549280.1593
281464599978464.1641
281464599978464.1645
281464599978464.1655
281464599978464.1711
281464599978464.1733
281464599978464.1757
281464824386016.1765
281464599978464.1825
281464599978464.1833
281464608371168.1855
281464599978464.1863
281464591585760.1931
281464591585760.1939
281464591585760.1947
281464608371168.1951
281464591585760.1963
281464591585760.2019
281464591585760.2047
281464591585760.2071
281464591585760.2135
281464591585760.2149
281464591585760.2155
281465086525920.2217
281464599978464.2261
281464599978464.2271
281464599978464.2289
281464599978464.2297
281464599978464.2319
281464599978464.2335
281464599978464.2363
281464599978464.2375
281464599978464.2407
281464633549280.2447
281464599978464.2467
281464599978464.2473
281464633549280.2477
281464599978464.2481
281464599978464.2489
281464599978464.2581
281464806552032.2619
281464599978464.2627
281464599978464.2645
281464599978464.2685
281464599978464.2689
281464633549280.2693
281464599978464.2745
281464599978464.2751
281464599978464.2769
281464599978464.2773
281464633549280.2805
281464599978464.2809
281464798159328.2825
281464599978464.2831
281465597170144.2853
281465630740960.2885
281464599978464.2889
281464599978464.2947
281464821240288.2973
281464599978464.2987
281464608371168.2999
281464599978464.3025
281464599978464.3043
281464599978464.3067
281464599978464.3073
281464599978464.3079
281464599978464.3083
281464599978464.3117
281464599978464.3139
281464599978464.3143
281464641941984.3147
281464599978464.3169
281464599978464.3177
281464599978464.3185
281464599978464.3209
281464599978464.3225
281464599978464.3241
281464599978464.3245
281464599978464.3277
281464599978464.3283
281464599978464.3309
281464599978464.3361
281464599978464.3369
281464599978464.3383
281464599978464.3389
281464599978464.3411
281464608371168.3429
281464641941984.3457
281464599978464.3461
281464599978464.3475
281464599978464.3519
281464599978464.3523
281464599978464.3543
281464599978464.3559
281464599978464.3583
281464599978464.3605
281464599978464.3657
281464599978464.3661
281464625156576.3693
281464599978464.3721
281464599978464.3741
281464599978464.3753
281464599978464.3799
281464599978464.3843
281464599978464.3855
281464599978464.3865
281464641941984.3869
281464599978464.3899
281464599978464.3903
281464599978464.3927
281464599978464.3975
281464599978464.3985
281464599978464.3995
281464608371168.4055
281464599978464.4059
281464599978464.4063
281464599978464.4073
281464599978464.4107
281464599978464.4111
281464599978464.4163
281464599978464.4169
281464599978464.4185
281464599978464.4199
281464641941984.4235
281464599978464.4239
281464599978464.4243
281464608371168.4311
281464599978464.4347
281464608371168.4369
281464599978464.4373
281464599978464.4379
281464599978464.4409
281464599978464.4419
281464599978464.4427
281464793965024.4431
281464599978464.4441
281464599978464.4445
281464599978464.4473
281464599978464.4523
281464599978464.4527
281464802357728.4533
281464599978464.4537
281464599978464.4541
281464633549280.4557
281464599978464.4591
281464599978464.4595
281464599978464.4611
281464641941984.4619
281464599978464.4623
281464599978464.4633
281464599978464.4649
281464599978464.4663
281464599978464.4681
281464599978464.4685
281464599978464.4727
281464599978464.4755
281464599978464.4777
281464599978464.4789
281464591585760.4833
281464591585760.4849
281464591585760.4857
281464591585760.4871
281464591585760.4875
281464591585760.4881
281464591585760.4887
281464591585760.4931
281464792916448.4937
281464792916448.4955
281464591585760.4963
281464591585760.5023
281464591585760.5049
281464591585760.5073
281464591585760.5077
281465639133664.5107
281464591585760.5149
281464591585760.5155
281464591585760.5173
281464591585760.5183
281464633549280.5191
281464591585760.5197
281464591585760.5205
281464591585760.5211
281464633549280.5235
281464591585760.5239
281464591585760.5319
281465086525920.5331
