281465605562848.35
281464633549280.81
281464599978464.95
281464599978464.105
281464599978464.117
281465613955552.121
281464599978464.217
281464599978464.227
281464599978464.235
281465630740960.247
281464599978464.279
281464599978464.283
281464599978464.291
281464599978464.301
281464599978464.305
281464616763872.317
281464599978464.339
281464599978464.343
281464633549280.365
281464599978464.385
281464599978464.445
281464599978464.481
281464633549280.485
281464599978464.499
281464599978464.535
281464599978464.539
281464599978464.555
281464599978464.559
281464599978464.567
281464599978464.577
281464599978464.581
281464599978464.589
281464599978464.607
281464599978464.615
281464599978464.631
281464633549280.653
281464599978464.661
281464599978464.665
281465604514272.671
281464599978464.675
281464599978464.683
281464599978464.687
281464616763872.691
281464608371168.695
281464599978464.705
281464599978464.713
281464599978464.729
281464599978464.741
281464599978464.751
281464599978464.755
281464599978464.801
281465596121568.811
281465596121568.873
281465596121568.877
281465596121568.889
281464599978464.959
281464599978464.971
281464625156576.997
281464599978464.1023
281465629692384.1029
281464599978464.1041
281464599978464.1059
281464599978464.1063
281464599978464.1115
281464599978464.1119
281464599978464.1123
281464599978464.1141
281464599978464.1145
281464599978464.1171
281464599978464.1173
281464599978464.1181
281464599978464.1197
281464599978464.1201
281464722670048.1215
281464599978464.1219
281464599978464.1257
281464599978464.1293
281464599978464.1301
281464599978464.1343
281464599978464.1347
281464599978464.1367
281464599978464.1373
281464599978464.1377
281464641941984.1385
281464641941984.1409
281464633549280.1443
281464599978464.1457
281464599978464.1463
281464633549280.1517
281465629692384.1555
281465597170144.1583
281465605562848.1587
281465597170144.1591
281464599978464.1601
281464599978464.1619
281464599978464.1683
281464599978464.1687
281464599978464.1689
281464599978464.1703
281464599978464.1707
281464599978464.1735
281464599978464.1739
281464599978464.1743
281464641941984.1751
281464599978464.1755
281464599978464.1759
281464599978464.1781
281464599978464.1787
281464599978464.1817
281464641941984.1823
281464722670048.1845
281464599978464.1857
281464599978464.1861
281464641941984.1871
281464599978464.1875
281464599978464.1879
281464591585760.1883
281464591585760.1887
281464591585760.1891
281464591585760.1899
281464591585760.1907
281464591585760.1919
281464591585760.1927
281464591585760.1979
281464591585760.2003
281464591585760.2007
281464591585760.2015
281464591585760.2021
281464591585760.2041
281464832778720.2049
281464591585760.2055
281464591585760.2067
281464591585760.2079
281464591585760.2083
281464591585760.2095
281464633549280.2111
281465086525920.2221
281464599978464.2233
281464599978464.2239
281464599978464.2241
281464608371168.2255
281464599978464.2267
281464599978464.2279
281464633549280.2283
281464608371168.2387
281464599978464.2431
281465639133664.2435
281464599978464.2439
281464599978464.2453
281464599978464.2469
281464625156576.2475
281464608371168.2485
281464599978464.2525
281464599978464.2541
281464599978464.2547
281464599978464.2597
281464599978464.2697
281464599978464.2703
281464599978464.2707
281464599978464.2711
281464599978464.2725
281464633549280.2781
281464599978464.2823
281464599978464.2827
281464633549280.2837
281464599978464.2843
281464599978464.2849
281464599978464.2867
281464599978464.2871
281464599978464.2923
281464641941984.2959
281464599978464.2993
281464599978464.3007
281464608371168.3023
281464722670048.3133
281464599978464.3163
281464599978464.3193
281464608371168.3197
281464633549280.3205
281464599978464.3229
281464608371168.3233
281464731062752.3273
281464599978464.3293
281464599978464.3297
281464722670048.3303
281464608371168.3307
281464599978464.3311
281464599978464.3357
281464599978464.3371
281464599978464.3381
281464599978464.3385
281464599978464.3393
281464599978464.3515
281464599978464.3521
281464599978464.3531
281464599978464.3547
281464599978464.3557
281464608371168.3601
281464599978464.3607
281464599978464.3665
281464599978464.3679
281464599978464.3683
281464599978464.3687
281464633549280.3717
281464599978464.3725
281464599978464.3761
281464633549280.3771
281464599978464.3781
281464599978464.3785
281464599978464.3825
281464599978464.3829
281464599978464.3833
281464599978464.3847
281464599978464.3859
281464599978464.3897
281464599978464.3901
281465639133664.3905
281464599978464.3923
281464599978464.3933
281464599978464.3973
281464641941984.3991
281464599978464.4037
281464599978464.4045
281464633549280.4051
281464599978464.4053
281464641941984.4057
281464722670048.4061
281464599978464.4103
281464599978464.4167
281464827535840.4171
281464599978464.4175
281464599978464.4219
281464599978464.4223
281464599978464.4237
281464599978464.4271
281464599978464.4315
281464599978464.4325
281464599978464.4375
281464599978464.4423
281464599978464.4433
281464599978464.4439
281464599978464.4449
281464599978464.4453
281464599978464.4457
281464599978464.4475
281464722670048.4479
281464599978464.4483
281464599978464.4499
281464599978464.4503
281464599978464.4601
281464599978464.4635
281464599978464.4647
281464599978464.4667
281464599978464.4671
281464599978464.4691
281465597170144.4705
281465597170144.4709
281464599978464.4761
281464599978464.4781
281464599978464.4797
281464599978464.4813
281464591585760.4831
281464625156576.4845
281464625156576.4859
281464591585760.4867
281464591585760.4935
281464591585760.4977
281464591585760.4991
281464591585760.4995
281464591585760.4999
281464591585760.5041
281464591585760.5061
281464591585760.5075
281464591585760.5079
281464633549280.5089
281464591585760.5101
281464591585760.5119
281464591585760.5143
281464591585760.5169
281464591585760.5217
281464591585760.5223
281464599978464.5227
281464591585760.5269
281464625156576.5273
281464591585760.5315
281465613955552.5325
281464599978464.5343
