281464747848160.8
281464747848160.18
281465078133216.31
281464599978464.49
281464599978464.83
281464599978464.97
281464599978464.145
281464599978464.149
281464599978464.213
281464608371168.259
281464599978464.277
281464731062752.285
281464599978464.297
281464599978464.307
281465086525920.319
281464599978464.333
281464599978464.337
281464599978464.345
281464599978464.349
281464599978464.353
281464599978464.361
281464599978464.387
281464599978464.465
281464599978464.489
281464599978464.493
281464599978464.497
281464599978464.501
281464608371168.547
281464641941984.563
281464599978464.571
281464599978464.575
281464608371168.579
281464633549280.595
281464599978464.599
281464608371168.603
281464641941984.609
281464599978464.641
281464747848160.643
281464599978464.647
281464641941984.659
281464599978464.699
281464599978464.707
281464599978464.735
281464599978464.761
281464722670048.771
281464599978464.795
281464599978464.799
281464722670048.807
281465596121568.815
281465629692384.833
281465638085088.845
281465596121568.861
281465596121568.871
281465596121568.879
281465596121568.911
281465596121568.933
281465596121568.939
281464633549280.963
281464599978464.967
281464599978464.979
281464825434592.985
281464599978464.989
281464599978464.1017
281464599978464.1035
281464800256480.1079
281464599978464.1083
281464599978464.1095
281464641941984.1117
281464800256480.1121
281464599978464.1125
281464625156576.1133
281464599978464.1137
281464599978464.1163
281464599978464.1167
281464599978464.1195
281464599978464.1203
281464599978464.1319
281464599978464.1331
281464599978464.1335
281464641941984.1339
281464608371168.1393
281464599978464.1401
281464599978464.1405
281464599978464.1411
281464633549280.1423
281464608371168.1429
281464800256480.1433
281464599978464.1441
281464599978464.1493
281464599978464.1511
281464599978464.1519
281464599978464.1527
281465967333856.1581
281464599978464.1595
281464599978464.1599
281464599978464.1651
281464599978464.1653
281464599978464.1679
281464599978464.1691
281464599978464.1699
281464599978464.1705
281464599978464.1727
281464641941984.1753
281464641941984.1775
281464599978464.1779
281464731062752.1791
281464599978464.1821
281464616763872.1835
281464641941984.1851
281464599978464.1867
281464591585760.1897
281464591585760.1901
281464591585760.1909
281464591585760.1913
281464591585760.1949
281464591585760.1955
281464591585760.1965
281464591585760.1969
281464591585760.1975
281464591585760.1977
281464591585760.2011
281464591585760.2035
281464591585760.2039
281465639133664.2045
281464722670048.2051
281464591585760.2063
281464591585760.2069
281464591585760.2077
281464591585760.2091
281464591585760.2143
281464591585760.2157
281464591585760.2171
281464591585760.2175
281464599978464.2179
281464591585760.2197
281464591585760.2201
281465967333856.2225
281464633549280.2229
281464599978464.2247
281464599978464.2251
281464599978464.2269
281464599978464.2273
281464599978464.2315
281464599978464.2325
281464599978464.2369
281464599978464.2381
281464599978464.2385
281464599978464.2409
281464599978464.2413
281464599978464.2425
281464599978464.2491
281464599978464.2495
281464806552032.2501
281464599978464.2509
281464599978464.2529
281464608371168.2533
281464633549280.2543
281464599978464.2557
281464806552032.2561
281464599978464.2569
281464616763872.2575
281464599978464.2577
281464641941984.2587
281464599978464.2589
281464599978464.2623
281464599978464.2641
281464599978464.2663
281464599978464.2667
281464599978464.2733
281464599978464.2743
281464599978464.2763
281464599978464.2793
281464599978464.2799
281465597170144.2857
281465597170144.2861
281464829632992.2865
281464633549280.2869
281464599978464.2883
281464599978464.2897
281464599978464.2905
281464599978464.2927
281464599978464.2955
281464599978464.2975
281464599978464.3003
281464599978464.3013
281464599978464.3017
281464599978464.3031
281464599978464.3037
281464599978464.3047
281464599978464.3065
281464599978464.3069
281464599978464.3091
281464599978464.3121
281464599978464.3141
281464599978464.3157
281464599978464.3161
281465866625504.3211
281464599978464.3231
281464599978464.3235
281464599978464.3269
281464599978464.3275
281464599978464.3305
281464599978464.3315
281464599978464.3325
281464599978464.3329
281464599978464.3391
281464599978464.3525
281464599978464.3541
281465639133664.3545
281464599978464.3573
281464599978464.3625
281464599978464.3631
281464599978464.3635
281464599978464.3639
281464599978464.3685
281464599978464.3691
281464599978464.3695
281464599978464.3723
281464795013600.3745
281464722670048.3749
281464599978464.3757
281464599978464.3763
281464633549280.3769
281464599978464.3773
281464599978464.3777
281464599978464.3791
281464599978464.3795
281464599978464.3819
281464599978464.3823
281464599978464.3837
281464599978464.3841
281464599978464.3849
281464599978464.3863
281464641941984.3867
281464599978464.3881
281464599978464.3889
281464599978464.3989
281464599978464.3999
281464599978464.4003
281464599978464.4041
281464599978464.4047
281464599978464.4065
281464599978464.4079
281464599978464.4147
281464599978464.4181
281464599978464.4187
281464599978464.4201
281464599978464.4205
281464599978464.4209
281464608371168.4217
281464599978464.4225
281464599978464.4233
281464599978464.4305
281464599978464.4309
281464633549280.4313
281464599978464.4323
281464599978464.4327
281464599978464.4353
281464599978464.4357
281464633549280.4361
281464599978464.4421
281464633549280.4447
281464599978464.4459
281464599978464.4481
281464599978464.4521
281464599978464.4529
281464599978464.4539
281464599978464.4543
281464599978464.4565
281464599978464.4571
281464599978464.4577
281464599978464.4581
281464722670048.4607
281464599978464.4621
281464731062752.4625
281464599978464.4655
281464810750432.4659
281464641941984.4675
281464599978464.4785
281464591585760.4863
281464599978464.4869
281464591585760.4891
281464591585760.4993
281464591585760.5015
281464591585760.5051
281464616763872.5103
281464591585760.5113
281464591585760.5117
281464591585760.5133
281464591585760.5153
281464591585760.5195
281464818094560.5201
281464591585760.5233
281464591585760.5237
281464591585760.5265
281464591585760.5311
281464599978464.5339
