281464747848160.10
281464747848160.16
281464599978464.67
281464599978464.107
281464599978464.111
281464599978464.119
281464633549280.147
281464599978464.199
281464599978464.203
281464608371168.221
281465630740960.225
281464599978464.243
281464608371168.251
281464599978464.261
281464599978464.265
281464599978464.269
281464599978464.273
281464599978464.281
281464599978464.295
281464641941984.327
281464599978464.377
281464599978464.399
281464599978464.435
281464599978464.459
281464599978464.507
281464599978464.519
281464599978464.523
281464633549280.527
281464599978464.537
281464599978464.541
281464599978464.549
281464608371168.553
281464599978464.597
281464599978464.611
281464608371168.627
281464599978464.635
281464599978464.645
281464599978464.651
281464599978464.657
281464599978464.711
281464599978464.719
281464599978464.747
281464599978464.753
281464599978464.785
281464599978464.797
281465638085088.813
281465596121568.829
281465596121568.865
281465596121568.875
281465596121568.881
281465596121568.901
281465596121568.925
281465596121568.943
281464599978464.961
281464599978464.991
281464599978464.1003
281464599978464.1007
281464633549280.1011
281464599978464.1015
281464599978464.1019
281464599978464.1027
281464599978464.1043
281465638085088.1047
281464808649184.1051
281464599978464.1053
281464842220000.1057
281464599978464.1065
281464599978464.1069
281464599978464.1073
281464599978464.1093
281464608371168.1101
281464599978464.1105
281464599978464.1109
281464599978464.1151
281464599978464.1221
281464633549280.1225
281464608371168.1229
281464633549280.1271
281464599978464.1275
281464800256480.1279
281464599978464.1307
281464599978464.1311
281464641941984.1315
281464608371168.1351
281464599978464.1353
281464599978464.1357
281464599978464.1383
281464599978464.1427
281464599978464.1431
281464599978464.1447
281464599978464.1455
281464599978464.1459
281464599978464.1475
281464599978464.1479
281464599978464.1483
281464599978464.1487
281464599978464.1501
281464599978464.1515
281464599978464.1523
281464599978464.1547
281464599978464.1659
281464599978464.1665
281464599978464.1693
281464599978464.1701
281464599978464.1829
281464599978464.1837
281464599978464.1849
281464591585760.1893
281464591585760.1903
281464722670048.1917
281464591585760.1961
281464591585760.2017
281464591585760.2025
281464591585760.2057
281464591585760.2065
281464591585760.2073
281464591585760.2089
281464591585760.2117
281464591585760.2167
281464591585760.2169
281464591585760.2183
281464591585760.2189
281464599978464.2265
281464599978464.2281
281464599978464.2285
281464599978464.2329
281464599978464.2333
281464599978464.2367
281464599978464.2371
281464599978464.2373
281464599978464.2393
281464599978464.2415
281464599978464.2429
281464599978464.2461
281464641941984.2465
281464599978464.2471
281464633549280.2479
281464599978464.2483
281464731062752.2505
281464633549280.2527
281464840122848.2537
281464599978464.2553
281464641941984.2583
281464599978464.2595
281464599978464.2613
281464599978464.2617
281464599978464.2625
281464599978464.2633
281464599978464.2671
281464599978464.2715
281464599978464.2735
281464599978464.2739
281464599978464.2747
281464599978464.2755
281464599978464.2761
281464599978464.2775
281464599978464.2779
281464599978464.2801
281464599978464.2817
281464599978464.2821
281464608371168.2839
281464599978464.2903
281464599978464.2911
281464599978464.2913
281464599978464.2919
281464641941984.2935
281464599978464.2939
281464599978464.2949
281464599978464.2953
281464599978464.2957
281464599978464.2989
281464599978464.3015
281464599978464.3019
281464599978464.3029
281464599978464.3033
281464599978464.3059
281464599978464.3071
281464599978464.3081
281464599978464.3131
281464599978464.3171
281464599978464.3183
281464599978464.3191
281464599978464.3199
281464599978464.3207
281464821240288.3247
281464599978464.3249
281464731062752.3317
281464599978464.3365
281464599978464.3395
281464599978464.3401
281464796062176.3433
281464641941984.3437
281464722670048.3445
281464599978464.3473
281464599978464.3481
281464641941984.3485
281465597170144.3491
281465597170144.3499
281464599978464.3537
281464599978464.3555
281464599978464.3565
281464599978464.3569
281464599978464.3577
281464599978464.3581
281464599978464.3585
281464599978464.3589
281464641941984.3593
281464599978464.3611
281464599978464.3615
281464599978464.3629
281464599978464.3647
281464599978464.3651
281464599978464.3655
281464599978464.3671
281464641941984.3681
281464599978464.3697
281464633549280.3743
281464599978464.3755
281464599978464.3759
281464599978464.3779
281464599978464.3783
281464599978464.3797
281464599978464.3827
281464599978464.3879
281464599978464.3883
281464599978464.3935
281464599978464.3939
281464599978464.3943
281464599978464.3947
281464599978464.3953
281464599978464.3959
281464599978464.3977
281464599978464.4021
281464599978464.4033
281464599978464.4039
281464599978464.4049
281464599978464.4087
281465597170144.4115
281465597170144.4119
281465597170144.4123
281464599978464.4145
281464599978464.4179
281464633549280.4183
281464616763872.4193
281464599978464.4207
281464599978464.4227
281464599978464.4269
281464599978464.4279
281464599978464.4307
281464599978464.4317
281464599978464.4321
281464599978464.4341
281464641941984.4415
281464608371168.4425
281464599978464.4507
281464599978464.4531
281464599978464.4575
281464599978464.4603
281464599978464.4613
281464599978464.4641
281464616763872.4673
281465597170144.4701
281464633549280.4717
281464599978464.4731
281464599978464.4771
281464834879968.4773
281464599978464.4801
281464599978464.4805
281464599978464.4817
281464591585760.4873
281464599978464.4877
281464591585760.4939
281464591585760.4975
281464591585760.4979
281464591585760.4989
281464591585760.4997
281464591585760.5019
281464591585760.5045
281464591585760.5057
281464591585760.5097
281464591585760.5105
281464591585760.5111
281464625156576.5171
281464591585760.5175
281464591585760.5179
281464591585760.5199
281464591585760.5203
281464633549280.5209
281464591585760.5219
281464591585760.5231
281464591585760.5323
