281464747848160.20
281464599978464.79
281464599978464.89
281464599978464.129
281464599978464.141
281464599978464.151
281464599978464.201
281464599978464.205
281465605562848.209
281464599978464.211
281464641941984.229
281464599978464.239
281464599978464.275
281464599978464.325
281464599978464.329
281464599978464.391
281464599978464.395
281464599978464.407
281464625156576.411
281464599978464.417
281464599978464.423
281464599978464.431
281464599978464.441
281464599978464.449
281464599978464.453
281464599978464.457
281464599978464.461
281464599978464.469
281464599978464.511
281464599978464.515
281464599978464.529
281464599978464.585
281464625156576.619
281464599978464.625
281464599978464.629
281464599978464.639
281464608371168.669
281464608371168.673
281464599978464.677
281464599978464.715
281464599978464.721
281464641941984.777
281464641941984.809
281465596121568.825
281465596121568.899
281465596121568.903
281465596121568.929
281465596121568.949
281464599978464.973
281464599978464.977
281464599978464.981
281464633549280.1005
281464599978464.1033
281464641941984.1089
281464599978464.1107
281464633549280.1111
281464599978464.1127
281464599978464.1131
281464599978464.1155
281464599978464.1165
281464599978464.1207
281464599978464.1211
281464599978464.1217
281464599978464.1227
281464599978464.1231
281464599978464.1233
281464599978464.1243
281464599978464.1261
281464599978464.1265
281464599978464.1289
281464599978464.1303
281464599978464.1325
281464599978464.1341
281464633549280.1345
281464599978464.1349
281464599978464.1363
281464842220000.1365
281464599978464.1395
281464599978464.1417
281464616763872.1421
281464599978464.1435
281464599978464.1445
281464599978464.1451
281464599978464.1467
281464599978464.1481
281464599978464.1491
281464599978464.1495
281464599978464.1507
281464633549280.1535
281464599978464.1539
281465866625504.1557
281464599978464.1561
281464599978464.1649
281464599978464.1725
281464599978464.1729
281464599978464.1737
281464599978464.1741
281464599978464.1745
281464599978464.1785
281464599978464.1827
281464599978464.1831
281464599978464.1847
281464591585760.1881
281464591585760.1889
281464633549280.1921
281464591585760.1925
281464591585760.1933
281464625156576.1959
281464591585760.1967
281465630740960.1971
281464591585760.1985
281464625156576.2001
281464591585760.2005
281464799207904.2009
281464591585760.2013
281464591585760.2085
281464591585760.2137
281464591585760.2161
281464591585760.2187
281464591585760.2195
281464591585760.2203
281464599978464.2235
281464599978464.2275
281464599978464.2299
281464599978464.2313
281464599978464.2321
281464599978464.2353
281464599978464.2357
281464599978464.2377
281464599978464.2391
281464599978464.2419
281464599978464.2421
281464599978464.2437
281464599978464.2443
281464599978464.2451
281464641941984.2457
281464798159328.2507
281464599978464.2511
281464633549280.2519
281464599978464.2539
281464599978464.2573
281464641941984.2579
281464599978464.2591
281464599978464.2629
281464599978464.2639
281464599978464.2669
281464599978464.2675
281464599978464.2699
281464599978464.2709
281464633549280.2713
281464599978464.2717
281464599978464.2729
281464599978464.2741
281464599978464.2767
281464641941984.2771
281464599978464.2777
281464731062752.2783
281464599978464.2795
281464599978464.2811
281464599978464.2833
281465597170144.2855
281465866621408.2863
281464599978464.2877
281464599978464.2881
281464599978464.2891
281464633549280.2899
281464599978464.2909
281464599978464.2933
281464608371168.2937
281464599978464.2941
281464599978464.2951
281464599978464.2979
281464599978464.2983
281464599978464.2991
281464599978464.2997
281464608371168.3009
281464599978464.3053
281464599978464.3063
281464599978464.3075
281464829632992.3089
281464599978464.3149
281464599978464.3155
281464641941984.3165
281464599978464.3173
281464599978464.3181
281464599978464.3195
281464599978464.3203
281464599978464.3251
281464599978464.3255
281464599978464.3259
281464599978464.3285
281464599978464.3291
281464599978464.3301
281464599978464.3313
281464599978464.3319
281464599978464.3359
281464599978464.3363
281464599978464.3387
281464599978464.3407
281464599978464.3441
281464608371168.3455
281464829632992.3465
281464608371168.3469
281464599978464.3477
281464599978464.3483
281464599978464.3487
281465597170144.3495
281464599978464.3535
281464599978464.3549
281464599978464.3553
281464599978464.3563
281464599978464.3567
281464599978464.3571
281464633549280.3579
281464599978464.3595
281464599978464.3609
281464599978464.3613
281464599978464.3617
281464599978464.3633
281464599978464.3637
281464599978464.3663
281464599978464.3667
281464599978464.3669
281464599978464.3673
281464599978464.3677
281464599978464.3701
281464599978464.3719
281464599978464.3747
281464599978464.3789
281464599978464.3793
281464599978464.3815
281464599978464.3831
281464599978464.3875
281464599978464.3891
281464599978464.3895
281464599978464.3907
281464599978464.3931
281464599978464.3949
281464608371168.3957
281464599978464.3963
281464599978464.3967
281464599978464.3993
281464599978464.3997
281464599978464.4019
281464599978464.4081
281464625156576.4095
281464633549280.4099
281465597170144.4117
281464599978464.4141
281464599978464.4165
281464633549280.4197
281464599978464.4203
281464608371168.4215
281464599978464.4221
281464599978464.4329
281464599978464.4333
281464633549280.4337
281464608371168.4345
281464599978464.4365
281464599978464.4383
281464633549280.4403
281464641941984.4413
281464599978464.4429
281464599978464.4451
281464599978464.4455
281464599978464.4561
281464599978464.4567
281464599978464.4579
281464599978464.4585
281464641941984.4627
281464633549280.4629
281464599978464.4677
281464599978464.4689
281464599978464.4693
281464599978464.4697
281465597170144.4707
281465597170144.4711
281464599978464.4757
281464599978464.4763
281464599978464.4767
281464599978464.4793
281464599978464.4809
281464591585760.4825
281464633549280.4835
281464591585760.4843
281464591585760.4847
281464591585760.4851
281464608371168.4855
281464591585760.4885
281464625156576.4929
281464599978464.4953
281464591585760.5037
281464591585760.5043
281464591585760.5063
281464591585760.5067
281464591585760.5081
281464591585760.5085
281464591585760.5135
281464591585760.5181
281464591585760.5187
281464591585760.5213
281464625156576.5221
281464591585760.5225
281464591585760.5303
281464599978464.5309
281464591585760.5317
281465086525920.5335
281464599978464.5345
